0 107396 87135 
0 68282 42500 
0 81563 49427 
0 77709 39010 
0 107969 56823 
0 433594 47917 
0 68594 40209 
0 82032 51719 
0 89114 54531 
0 82344 47136 
0 106823 55208 
0 66146 47396 
0 81198 47604 
0 82083 47865 
0 74635 0 
0 71093 46458 
0 74219 49323 
0 80989 45261 
0 78750 50209 
0 87709 52865 
0 103750 66302 
0 83125 21042 
0 91459 55156 
0 65208 53281 
0 90469 56302 
0 67552 45157 
0 103073 50208 
0 78229 53125 
0 81563 38542 
0 113959 50469 
0 21771 82760 
0 67552 43542 
0 89063 55833 
0 81093 47239 
0 95834 66459 
0 72500 46406 
0 82083 48177 
0 72448 46667 
0 79896 51406 
0 78281 50312 
0 84011 46614 
0 128855 89063 
0 86042 45573 
0 67344 43020 
0 121094 76146 
0 91875 63959 
0 13281 39219 
0 65937 43177 
0 69271 46146 
0 72552 38386 
0 80313 45677 
0 120052 78542 
0 417813 50208 
0 66250 43958 
0 95364 56093 
0 69323 88854 
0 73645 50833 
0 10677 42812 
0 73906 101563 
0 86355 55364 
0 83333 21355 
0 80208 49531 
0 88854 48386 
0 111198 44218 
0 83021 57135 
0 95157 41615 
0 89010 40833 
0 0 57343 
0 87552 54166 
0 94063 51667 
0 70625 46354 
0 109636 78541 
0 90833 49480 
0 89740 55520 
0 86771 53906 
0 285469 37708 
0 76615 45781 
0 63698 42344 
0 72187 46302 
0 153541 55313 
0 79948 55468 
0 111823 53698 
0 78490 48490 
0 77813 45990 
0 65886 51666 
0 88750 47969 
0 74948 58385 
0 71458 46667 
0 95573 56094 
0 34896 35989 
0 85990 37760 
0 81563 49271 
0 87240 55312 
0 101823 46093 
0 74375 39948 
0 74895 50416 
0 72083 47396 
0 82187 46354 
0 71667 39844 
0 95729 45052 
1 74114 49010 
1 57292 26563 
1 25000 23334 
1 60469 33646 
1 66666 32552 
1 0 24896 
1 56354 22292 
1 75677 26406 
1 44219 27084 
1 58750 31354 
1 73489 38021 
1 56198 23489 
1 65156 21666 
1 54427 28490 
1 48073 28229 
1 58229 22969 
1 55365 22396 
1 54062 23698 
1 56302 22657 
1 52396 29896 
1 57240 28802 
1 227136 75104 
1 60156 28750 
1 74583 33646 
1 43750 26927 
1 68177 32292 
1 53958 28490 
1 61406 22500 
1 70313 44114 
1 50469 23802 
1 56666 22500 
1 62812 21250 
1 64635 31458 
1 0 51250 
1 58177 31094 
1 10989 33385 
1 57709 21354 
1 63125 23438 
1 356718 27553 
1 81198 53646 
1 54323 23593 
1 57552 32344 
1 69792 23438 
1 70521 30938 
1 54323 20521 
1 65000 29843 
1 69792 43958 
1 157917 92500 
1 61146 22084 
1 50313 28281 
1 24115 42187 
1 80052 36927 
1 59166 23750 
1 55000 31822 
1 54375 32032 
1 79479 23177 
1 46718 21145 
1 53437 19583 
1 51979 21407 
1 58906 22604 
1 429063 358282 
1 59948 37917 
1 50468 18541 
1 53906 31407 
1 63490 24895 
1 41303 20469 
1 54688 25208 
1 52969 38385 
1 62813 32604 
1 61927 28958 
1 25000 443125 
1 49427 22240 
1 67917 31823 
1 98646 47760 
1 54531 30052 
1 86979 36875 
1 52448 21198 
1 73334 30886 
1 11042 23802 
1 68177 23230 
1 66042 0 
1 46458 20520 
1 60833 31303 
1 47917 27917 
1 49323 44844 
1 142813 60104 
1 22761 33229 
1 60000 24011 
1 10990 39532 
1 65834 31198 
1 57969 21823 
1 52031 20209 
1 55000 30053 
1 65677 30729 
1 65938 32552 
1 55573 21979 
1 63750 30313 
1 75365 39844 
1 68645 31823 
1 63386 29323 
2 65208 35729 
2 431198 37395 
2 79479 44428 
2 80157 38333 
2 140989 52083 
2 111980 71042 
2 142812 46979 
2 86458 56146 
2 298646 28438 
2 81198 38750 
2 78437 42760 
2 61042 44375 
2 70729 37448 
2 70677 39271 
2 70833 37553 
2 58229 34532 
2 71198 43958 
2 71146 47343 
2 79062 38958 
2 82188 47031 
2 71771 38646 
2 86355 44322 
2 11615 38907 
2 82813 48021 
2 71406 43854 
2 75886 31511 
2 85000 47917 
2 69479 215417 
2 67604 31511 
2 66511 38855 
2 70417 38073 
2 79948 39636 
2 73490 30364 
2 73750 42448 
2 59427 28072 
2 67865 40416 
2 74166 39948 
2 72083 37657 
2 72865 40678 
2 79584 37709 
2 70000 41771 
2 86094 39688 
2 56979 33542 
2 156666 45989 
2 74739 23438 
2 0 35729 
2 310209 58021 
2 75781 37760 
2 78855 36146 
2 97188 63854 
2 108229 49948 
2 0 135937 
2 77500 38594 
2 24375 37396 
2 77447 44740 
2 99843 59323 
2 82239 46823 
2 75782 47083 
2 73125 43177 
2 85625 47239 
2 79896 53021 
2 73178 38906 
2 70938 36719 
2 73750 43490 
2 93646 54323 
2 79740 37396 
2 75833 43386 
2 72083 40625 
2 80208 49375 
2 110469 61719 
2 82917 48645 
2 63073 37136 
2 80938 45833 
2 68854 36250 
2 74896 49115 
2 67292 35833 
2 61927 36980 
2 80782 37656 
2 75156 50000 
2 71354 38021 
2 70625 37448 
2 108438 66875 
2 75052 39688 
2 78490 45885 
2 94323 55261 
2 63333 38646 
2 12344 51354 
2 79687 48489 
2 76042 39948 
2 71823 39948 
2 0 39635 
2 70313 37500 
2 83750 38385 
2 70989 52344 
2 71927 36771 
2 91719 40105 
2 69375 32135 
2 78489 47969 
2 39062 46093 
2 109063 58594 
3 83385 51250 
3 79271 46823 
3 27500 58177 
3 73386 42656 
3 90052 53490 
3 304636 52240 
3 103750 69115 
3 115313 38906 
3 88333 56094 
3 95416 57708 
3 71354 42969 
3 71146 326875 
3 67188 43073 
3 73958 45573 
3 78698 45989 
3 70000 39011 
3 88802 55417 
3 90521 22917 
3 72604 46667 
3 84740 48594 
3 93594 22083 
3 73958 39531 
3 125000 77553 
3 112396 34375 
3 70729 41719 
3 113178 41510 
3 101927 42396 
3 82813 48229 
3 21719 43698 
3 87813 58906 
3 81875 42448 
3 118177 72395 
3 21667 38229 
3 343125 375313 
3 85833 50834 
3 90104 46042 
3 86979 47291 
3 93021 53438 
3 100052 45625 
3 99271 68021 
3 92656 55312 
3 0 54688 
3 77083 22760 
3 88489 50365 
3 76875 39896 
3 96355 49166 
3 74948 36146 
3 100209 64792 
3 104635 63072 
3 89167 41407 
3 74479 39948 
3 89219 60416 
3 66667 43021 
3 72604 33542 
3 86615 55209 
3 89531 57760 
3 0 22865 
3 82917 49948 
3 107812 48959 
3 77448 41094 
3 93333 58490 
3 82708 53333 
3 146511 103645 
3 123281 130052 
3 72136 41146 
3 76875 51354 
3 93230 49895 
3 94114 55729 
3 84739 46667 
3 71302 37083 
3 90677 54323 
3 84271 49584 
3 24167 64427 
3 109792 74896 
3 71094 46198 
3 82344 49375 
3 86979 49948 
3 73698 42865 
3 80938 47864 
3 116563 75468 
3 81718 55937 
3 141719 158906 
3 76823 46667 
3 82657 52396 
3 85260 55521 
3 76510 46042 
3 21927 46197 
3 72448 39115 
3 86927 63073 
3 78646 44375 
3 80937 48958 
3 81406 46198 
3 97761 55521 
3 125521 37240 
3 81354 43646 
3 73906 43698 
3 71511 45469 
3 82292 47343 
3 186719 40052 
3 94635 47864 
4 63021 29792 
4 164479 28906 
4 105677 48542 
4 56406 30364 
4 62708 28334 
4 20781 30417 
4 80052 50677 
4 73334 38750 
4 66146 38646 
4 68750 32552 
4 56927 27969 
4 72240 32656 
4 82865 41875 
4 60468 29427 
4 60990 30729 
4 75677 49843 
4 66510 31458 
4 58073 35157 
4 59219 31615 
4 22031 24010 
4 86771 21719 
4 71979 36042 
4 55625 26823 
4 71407 35625 
4 51250 27292 
4 65938 32188 
4 150937 22656 
4 68125 39011 
4 55208 26406 
4 47239 27553 
4 103959 60209 
4 61042 29583 
4 56094 34896 
4 57084 31979 
4 21875 28802 
4 57552 22709 
4 68177 30313 
4 71979 31771 
4 69792 36250 
4 57813 28073 
4 87448 30521 
4 65833 44062 
4 75468 30469 
4 56719 0 
4 64791 41146 
4 58698 28854 
4 70729 30261 
4 97552 28594 
4 11562 58959 
4 65052 31823 
4 71406 32344 
4 70312 34948 
4 69740 39323 
4 10208 0 
4 67239 21667 
4 51458 27656 
4 57500 28125 
4 73698 39792 
4 54063 28698 
4 64375 30573 
4 64739 32447 
4 64063 31198 
4 79792 40521 
4 78438 47135 
4 54375 28645 
4 49740 28125 
4 68490 38802 
4 53281 36771 
4 92812 49011 
4 56459 36823 
4 60364 32500 
4 68125 38438 
4 61614 30677 
4 72864 31093 
4 79688 46042 
4 56927 36718 
4 0 32292 
4 410365 30730 
4 61979 31458 
4 57031 28489 
4 105573 35938 
4 65260 29948 
4 11927 28489 
4 65886 22656 
4 51302 27865 
4 170521 232031 
4 53594 28281 
4 80208 0 
4 76250 23385 
4 65625 30364 
4 10885 32917 
4 82500 38541 
4 75313 0 
4 61770 29739 
4 75417 30260 
4 52865 27031 
4 66510 30990 
4 73438 40208 
4 59531 31093 
4 98750 58698 
5 74948 49114 
5 72552 37864 
5 122604 309375 
5 80781 38802 
5 64792 54896 
5 105521 63541 
5 126614 80520 
5 88073 47708 
5 86511 51562 
5 67136 43073 
5 77865 48438 
5 416354 39167 
5 73177 36979 
5 92396 34167 
5 66979 35886 
5 87187 61563 
5 82604 40312 
5 74323 46093 
5 82500 45625 
5 77552 34271 
5 74896 44479 
5 70677 34791 
5 72656 37031 
5 129583 39635 
5 81041 43542 
5 463490 60678 
5 76458 40677 
5 81354 47291 
5 71927 39584 
5 69115 36198 
5 72604 46718 
5 86198 50052 
5 33697 50209 
5 81927 47083 
5 87552 47552 
5 71094 21563 
5 93020 57709 
5 80886 46042 
5 72709 35313 
5 72708 463958 
5 63646 34792 
5 83229 55521 
5 67031 36459 
5 89948 56719 
5 81979 40209 
5 98229 39323 
5 86719 53385 
5 60104 34636 
5 70364 39531 
5 68073 37135 
5 73854 217292 
5 66979 35157 
5 150781 62240 
5 91563 37500 
5 71302 47031 
5 65260 34791 
5 95105 55260 
5 71875 36718 
5 76354 38281 
5 90937 42292 
5 67500 37500 
5 82968 37813 
5 78073 22396 
5 78125 40730 
5 66927 38594 
5 85885 52917 
5 164427 33803 
5 92657 70312 
5 90417 56510 
5 72448 38541 
5 72916 38645 
5 76823 47448 
5 69583 38334 
5 93646 47343 
5 82604 46667 
5 74947 38698 
5 73593 41771 
5 82709 39844 
5 94167 57136 
5 166094 129843 
5 82240 53438 
5 56458 46615 
5 78750 47657 
5 76615 48594 
5 68125 43906 
5 78854 45730 
5 21459 45781 
5 92656 48385 
5 116823 29323 
5 245209 21666 
5 73854 44792 
5 91094 55156 
5 9687 0 
5 28385 47343 
5 72552 37344 
5 78854 39271 
5 37500 36146 
5 103490 74479 
5 125208 94844 
5 93021 47812 
6 78594 497969 
6 78385 47656 
6 81406 46198 
6 94219 57240 
6 129739 83385 
6 104688 71615 
6 88750 10364 
6 79375 50260 
6 90000 47083 
6 80417 50104 
6 142136 88229 
6 111145 74948 
6 96719 265990 
6 70938 42500 
6 0 61198 
6 76875 54010 
6 72239 44427 
6 76302 47500 
6 87187 47917 
6 87083 56406 
6 95104 60157 
6 93385 54740 
6 95313 49844 
6 80104 46458 
6 99896 56927 
6 334167 54792 
6 473438 441563 
6 96511 54115 
6 86094 41614 
6 90208 48750 
6 88177 57448 
6 94531 63542 
6 82291 41510 
6 92187 54167 
6 87084 45937 
6 84896 50938 
6 86094 45833 
6 80834 47709 
6 106771 65209 
6 92916 57448 
6 101354 54114 
6 72344 51667 
6 104114 62917 
6 96458 51719 
6 88437 54531 
6 72813 49792 
6 96823 49270 
6 67448 59688 
6 74687 46510 
6 90729 55833 
6 78698 38542 
6 72813 49166 
6 81198 39063 
6 74271 48959 
6 122761 49948 
6 81250 50520 
6 93959 64688 
6 71146 45677 
6 122292 120782 
6 72604 43125 
6 73646 49375 
6 95260 62709 
6 91823 41406 
6 87396 53333 
6 90156 57865 
6 80209 52604 
6 79062 46928 
6 198698 54948 
6 16458 52917 
6 96614 63594 
6 120729 87761 
6 74687 50729 
6 107500 57500 
6 124323 57031 
6 131042 90052 
6 81302 40938 
6 150782 47812 
6 77916 45885 
6 79844 57240 
6 79532 47604 
6 82448 47500 
6 76354 41979 
6 85000 48803 
6 79167 21614 
6 30052 51302 
6 74115 54791 
6 116979 82552 
6 80260 53542 
6 98802 56615 
6 81250 52083 
6 80834 45833 
6 91614 57969 
6 65937 63490 
6 114583 271979 
6 101198 56771 
6 87917 47031 
6 73437 51667 
6 87395 50521 
6 85833 43229 
6 94323 55469 
7 67813 32395 
7 63959 38906 
7 59166 0 
7 55573 30990 
7 91615 57084 
7 49010 53021 
7 50261 26979 
7 70261 32291 
7 9271 27708 
7 9427 117552 
7 72240 38698 
7 74636 37969 
7 77969 42291 
7 62552 29531 
7 72813 30208 
7 47136 27917 
7 90261 55678 
7 58438 28230 
7 108073 54219 
7 70938 38229 
7 65573 38333 
7 54115 35938 
7 83803 55000 
7 68334 37656 
7 68073 37657 
7 67240 29948 
7 115990 46407 
7 64948 30573 
7 62969 30000 
7 161875 203854 
7 78854 37552 
7 58020 36666 
7 24531 28958 
7 50156 34791 
7 57239 31146 
7 70521 43542 
7 66615 39218 
7 50052 29010 
7 72761 40000 
7 66719 38281 
7 76927 30625 
7 68489 27136 
7 70886 40000 
7 62969 31979 
7 186510 28855 
7 74375 28125 
7 60312 22292 
7 61302 29323 
7 70469 37864 
7 75625 37240 
7 63542 32656 
7 64427 31667 
7 77552 21927 
7 57396 33437 
7 49063 34636 
7 63020 39687 
7 58646 35208 
7 60000 35416 
7 85833 37708 
7 56563 28073 
7 72761 39948 
7 66927 30885 
7 71615 38802 
7 61719 31302 
7 160469 49375 
7 46302 30678 
7 67604 32187 
7 65104 30104 
7 74479 31355 
7 60677 35678 
7 64739 29479 
7 54271 29062 
7 50000 20000 
7 53802 30416 
7 61875 31146 
7 64115 38854 
7 55834 31093 
7 54948 29271 
7 66875 38646 
7 188333 163125 
7 79010 47656 
7 48750 28229 
7 77761 36042 
7 83437 38542 
7 72760 40312 
7 74114 46771 
7 67135 33802 
7 0 32448 
7 70157 39479 
7 63333 413229 
7 61667 0 
7 55000 31354 
7 22343 31562 
7 61094 30260 
7 409167 41407 
7 65417 30677 
7 71458 41302 
7 60260 21041 
7 62969 28750 
7 0 29792 
8 78802 55885 
8 22344 89323 
8 96927 70521 
8 90313 256666 
8 101459 66666 
8 107292 62864 
8 9896 67864 
8 212552 79583 
8 93229 56771 
8 105104 67292 
8 96407 63177 
8 78073 56927 
8 106094 67864 
8 117395 67031 
8 91250 55104 
8 91615 70104 
8 92240 46979 
8 82812 55521 
8 87552 56562 
8 92656 58594 
8 95261 59375 
8 103073 61927 
8 89063 53177 
8 94218 62396 
8 77239 49427 
8 89532 53385 
8 100312 64739 
8 10886 62500 
8 88594 0 
8 71355 49844 
8 78125 43594 
8 94688 54219 
8 95521 63698 
8 111146 62812 
8 141041 96250 
8 136407 95573 
8 135626 95730 
8 124948 79635 
8 97917 59115 
8 76719 44844 
8 291354 63281 
8 104167 54792 
8 84636 145573 
8 95677 66927 
8 118333 0 
8 144011 101042 
8 102657 60938 
8 100469 56667 
8 77031 47396 
8 61927 71614 
8 95781 59635 
8 97813 66927 
8 89323 56771 
8 103958 63073 
8 95938 0 
8 96875 63385 
8 83229 50313 
8 135313 86771 
8 100416 66510 
8 19636 44740 
8 90937 46563 
8 104011 77812 
8 80364 48229 
8 90208 54896 
8 85572 56406 
8 81875 51094 
8 103854 59219 
8 82031 53698 
8 103177 67708 
8 82709 47813 
8 87917 48750 
8 96719 50417 
8 84896 41250 
8 104375 66406 
8 89322 53906 
8 416562 75938 
8 151823 53438 
8 145573 110052 
8 90052 54011 
8 469271 282865 
8 101771 62969 
8 97813 62761 
8 92188 40000 
8 111771 55313 
8 132083 96615 
8 103073 75000 
8 89115 54688 
8 97136 66667 
8 93542 61407 
8 93698 66250 
8 109531 69687 
8 83438 55469 
8 73594 50625 
8 89166 64948 
8 95105 63490 
8 99895 60209 
8 112656 0 
8 147656 113438 
8 103854 62760 
8 87136 53438 
9 92240 59636 
9 82604 55885 
9 72031 42136 
9 86823 45104 
9 83490 53646 
9 24010 39948 
9 88854 56823 
9 25260 56197 
9 99167 55417 
9 83021 48281 
9 104427 73073 
9 96875 64167 
9 152084 48073 
9 77135 45938 
9 128490 76823 
9 75156 53437 
9 99375 62448 
9 73281 50677 
9 10990 72865 
9 95313 57969 
9 76615 49739 
9 80833 43281 
9 81198 49271 
9 85469 43750 
9 94531 58438 
9 92292 63177 
9 92291 61615 
9 89114 52969 
9 80156 47448 
9 74844 48281 
9 145416 155104 
9 74010 54219 
9 93489 50573 
9 79896 46094 
9 74688 43333 
9 110312 48177 
9 75990 58386 
9 114636 62136 
9 86042 53906 
9 119323 79844 
9 93385 54584 
9 91615 63698 
9 0 55729 
9 93333 48125 
9 86718 23334 
9 91563 56875 
9 74479 44532 
9 75677 50469 
9 61875 43802 
9 92708 54532 
9 73594 43750 
9 81510 45312 
9 99167 66562 
9 99635 71979 
9 92135 60521 
9 94219 56198 
9 9271 390260 
9 90573 48333 
9 92552 54792 
9 90521 49063 
9 66823 19895 
9 90938 59479 
9 85990 46146 
9 106771 71771 
9 84531 48281 
9 82812 54896 
9 93281 64218 
9 0 44115 
9 77656 45260 
9 194167 19687 
9 121303 84115 
9 91250 53803 
9 78282 62760 
9 75104 46615 
9 77761 46927 
9 89532 46875 
9 82761 43438 
9 84740 56302 
9 68750 110261 
9 74218 47136 
9 92291 68490 
9 75677 50781 
9 30469 62344 
9 69583 22031 
9 147552 48229 
9 122916 57396 
9 71875 44479 
9 72605 62291 
9 95104 48438 
9 79948 46094 
9 130521 83489 
9 165416 102864 
9 176510 29687 
9 79323 51927 
9 81302 46250 
9 22240 54375 
9 250365 84635 
9 89896 50000 
9 76771 46927 
9 86094 19636 
b 115157 51927 
b 83021 45730 
b 97708 66355 
b 94167 56511 
b 64323 34115 
b 61458 39062 
b 81042 46511 
b 57240 35625 
b 63489 36250 
b 69687 48177 
b 77552 40365 
b 65156 34219 
b 68437 40677 
b 64844 35052 
b 22395 44010 
b 64271 34531 
b 10938 220208 
b 60365 0 
b 69323 42291 
b 66250 39375 
b 79271 52708 
b 107760 71563 
b 76042 44167 
b 90052 39896 
b 91041 54531 
b 73750 37708 
b 65469 47240 
b 80729 49167 
b 75052 45833 
b 75052 55781 
b 88750 46875 
b 84844 49219 
b 73646 43386 
b 88594 56927 
b 63177 38542 
b 107969 59271 
b 356718 23646 
b 81042 39114 
b 66823 34896 
b 74271 47448 
b 76041 36562 
b 86302 49427 
b 72552 39531 
b 68333 40052 
b 81927 37500 
b 67239 36407 
b 77344 46459 
b 75625 44375 
b 105990 59948 
b 78333 39479 
b 108386 61771 
b 72604 46198 
b 63697 37812 
b 72396 39896 
b 74531 48230 
b 65625 35677 
b 79636 46042 
b 188854 140937 
b 21823 46771 
b 100208 66406 
b 71822 39480 
b 80781 44896 
b 71666 36875 
b 68593 43021 
b 161823 39323 
b 105729 42500 
b 67969 47344 
b 80625 48594 
b 90000 37709 
b 22500 35989 
b 21771 25417 
b 93333 43334 
b 71770 38698 
b 79531 48750 
b 82604 47292 
b 73750 39584 
b 75417 49896 
b 64740 33802 
b 66198 40052 
b 69270 36250 
b 71667 48282 
b 82500 41354 
b 76614 39688 
b 82292 47188 
b 0 22760 
b 64115 36615 
b 61771 35521 
b 55834 35000 
b 77500 31563 
b 65990 30208 
b 89323 61718 
b 79011 43906 
b 76094 49896 
b 68437 40990 
b 94167 63750 
b 45886 487136 
b 80781 48282 
b 65364 38334 
b 79114 46093 
b 86927 54584 
c 64166 30521 
c 62448 31927 
c 108594 41250 
c 74479 40573 
c 66771 30312 
c 63646 30937 
c 102708 82031 
c 0 31406 
c 77240 37917 
c 65885 32500 
c 61145 39428 
c 13177 52344 
c 71250 38021 
c 72917 21927 
c 0 50000 
c 92396 60468 
c 61979 37708 
c 449375 40937 
c 73958 39219 
c 68489 30729 
c 72136 38281 
c 72448 43125 
c 61510 30312 
c 72396 39219 
c 73334 39219 
c 56198 26042 
c 60937 35937 
c 70989 40937 
c 69219 44375 
c 0 34583 
c 64062 30417 
c 63594 29792 
c 183646 29792 
c 83802 50208 
c 95937 55313 
c 82708 50312 
c 91823 54323 
c 66511 42500 
c 0 38750 
c 71667 38698 
c 22656 39531 
c 144323 95469 
c 90625 50990 
c 23802 62604 
c 200625 223177 
c 66771 36875 
c 61875 29218 
c 59166 29010 
c 75729 33907 
c 22552 40625 
c 71198 43698 
c 73333 0 
c 60937 28437 
c 70104 43021 
c 66146 33177 
c 75416 38385 
c 114219 78854 
c 70677 31979 
c 67865 42032 
c 70156 38073 
c 0 185469 
c 87395 24115 
c 63594 39271 
c 64947 31302 
c 60729 27917 
c 55833 42604 
c 75469 39687 
c 66042 41406 
c 69167 32239 
c 73073 40937 
c 64688 36562 
c 118698 59427 
c 60312 35261 
c 64271 31354 
c 65208 40260 
c 61823 30209 
c 67083 39063 
c 69895 35208 
c 80521 40625 
c 71094 39844 
c 61198 28072 
c 79375 46146 
c 61563 28750 
c 61823 30781 
c 52136 36927 
c 58333 35365 
c 71823 38072 
c 89844 53959 
c 67500 42865 
c 67812 39114 
c 77187 48750 
c 84531 39063 
c 64167 29687 
c 56355 35834 
c 88594 44739 
c 28594 32448 
c 60938 35052 
c 67031 35573 
c 10937 26771 
c 201145 40469 
f 64584 29843 
f 99010 45625 
f 54583 30365 
f 59115 36615 
f 58645 26406 
f 66041 36563 
f 57917 27708 
f 47708 29636 
f 314011 36094 
f 62604 29375 
f 63281 29688 
f 73490 39531 
f 66250 30365 
f 99791 33021 
f 18073 24323 
f 188541 39323 
f 62864 30625 
f 321771 45833 
f 84687 34271 
f 48541 27031 
f 63854 29895 
f 60364 27448 
f 24063 31459 
f 71615 38907 
f 66042 35000 
f 90937 44948 
f 72396 36823 
f 66614 30157 
f 66406 30729 
f 372813 31511 
f 61927 37344 
f 62552 31250 
f 71302 38021 
f 69219 40312 
f 75834 31094 
f 73177 28646 
f 14166 41094 
f 65156 31302 
f 66511 36719 
f 64843 30000 
f 73386 30365 
f 51927 28594 
f 53959 0 
f 64844 38906 
f 64531 27969 
f 71042 30000 
f 81511 46146 
f 69219 36979 
f 20105 34531 
f 14792 38750 
f 61407 30313 
f 69375 58333 
f 67761 38803 
f 78802 53021 
f 49167 28177 
f 63230 21563 
f 58385 29218 
f 63854 51875 
f 60052 30313 
f 42552 27708 
f 0 317083 
f 69375 71042 
f 56146 29844 
f 51562 28959 
f 21041 45521 
f 66927 22761 
f 69687 37917 
f 66146 36666 
f 56198 31563 
f 0 30729 
f 67813 41250 
f 150313 58646 
f 75261 40729 
f 19167 38750 
f 64167 36875 
f 71041 31510 
f 66250 30989 
f 61302 38437 
f 61407 23177 
f 49739 30677 
f 58125 30156 
f 80990 46094 
f 88802 43490 
f 48959 26250 
f 70417 39219 
f 56094 30417 
f 50833 36250 
f 63333 28959 
f 58854 28282 
f 65573 38490 
f 68803 30417 
f 62604 33334 
f 55937 35104 
f 70573 29792 
f 59375 34583 
f 49844 27761 
f 55521 29479 
f 67865 31979 
f 71250 30260 
f 93177 35677 
g 86458 46563 
g 93073 49115 
g 90730 51615 
g 90208 23907 
g 72916 47708 
g 71979 41458 
g 62448 41250 
g 82604 47188 
g 81980 47031 
g 86979 49323 
g 83125 46146 
g 78020 38542 
g 79687 44583 
g 84427 43750 
g 48958 136875 
g 67865 47032 
g 64896 77553 
g 114427 72447 
g 68073 30052 
g 11146 46562 
g 97447 45937 
g 81667 54531 
g 82291 54062 
g 87916 54791 
g 88229 63593 
g 88073 56875 
g 72396 51302 
g 80000 49375 
g 11250 79636 
g 118125 74427 
g 12605 58854 
g 68542 49427 
g 73750 38490 
g 72812 46927 
g 79219 51094 
g 72552 51875 
g 67344 42864 
g 81146 47240 
g 85364 52032 
g 71407 42500 
g 0 51771 
g 90989 55937 
g 80208 39792 
g 85573 48386 
g 72864 47396 
g 83021 48438 
g 71250 54271 
g 84531 46771 
g 71562 42864 
g 69115 42917 
g 77448 45000 
g 79063 46354 
g 94323 52448 
g 72083 38802 
g 65521 35469 
g 284740 54635 
g 130573 107396 
g 81980 47136 
g 338020 169323 
g 71615 46718 
g 98854 39740 
g 84063 26198 
g 79843 46927 
g 96615 54688 
g 95208 59792 
g 82605 45156 
g 182031 97969 
g 302396 52240 
g 77865 51354 
g 78281 38594 
g 74219 44114 
g 90573 53281 
g 86875 50365 
g 116927 47343 
g 72500 46458 
g 99583 71354 
g 84948 56407 
g 118437 76458 
g 123802 74167 
g 103229 22031 
g 88177 57760 
g 83125 50573 
g 95365 66979 
g 80677 56927 
g 85937 38229 
g 80261 46563 
g 94427 57032 
g 19375 45886 
g 71771 49635 
g 84375 48646 
g 67969 58438 
g 46510 47656 
g 73386 43386 
g 84427 45260 
g 81041 50521 
g 82135 45625 
g 82709 45364 
g 86823 54635 
g 73959 49792 
g 81823 55312 
h 80157 52813 
h 66927 42396 
h 87969 35677 
h 71666 29375 
h 63646 55208 
h 65209 36146 
h 66771 36146 
h 75625 46979 
h 342344 30365 
h 70260 39375 
h 63073 29687 
h 87552 37083 
h 66667 33542 
h 76042 45625 
h 58385 28490 
h 56875 34687 
h 77031 37239 
h 85312 25573 
h 250000 58177 
h 62761 37240 
h 79687 32396 
h 55886 29635 
h 91719 51875 
h 69948 30365 
h 75625 39896 
h 64843 29948 
h 70208 36094 
h 67083 30677 
h 0 68385 
h 60834 22187 
h 70781 36980 
h 58490 36146 
h 64792 31614 
h 75156 24114 
h 69896 38802 
h 64375 29166 
h 54323 28646 
h 76718 40521 
h 21667 34896 
h 74375 38750 
h 92187 47396 
h 53541 35573 
h 62552 45053 
h 229584 36666 
h 70937 40104 
h 76302 49428 
h 62969 36771 
h 22083 30208 
h 62188 37604 
h 58594 33438 
h 81302 46927 
h 72448 36667 
h 120677 33594 
h 72917 43958 
h 65416 32032 
h 79115 46355 
h 58906 30937 
h 328438 39219 
h 55104 35572 
h 12291 68907 
h 52135 27552 
h 81563 38907 
h 88437 47292 
h 0 28437 
h 91510 52031 
h 52969 43333 
h 71459 35312 
h 66719 38385 
h 71719 36927 
h 65261 35208 
h 69896 36719 
h 70625 31823 
h 66615 28906 
h 75469 40260 
h 65053 30937 
h 0 43073 
h 95104 25156 
h 67084 30729 
h 72188 43958 
h 119635 24688 
h 68385 40677 
h 22761 57136 
h 67448 32031 
h 64375 38385 
h 65834 43177 
h 105782 68334 
h 67657 32344 
h 59896 38958 
h 62761 38802 
h 66927 22344 
h 83541 45937 
h 59479 27292 
h 54583 31979 
h 82396 31042 
h 108386 21875 
h 51927 29167 
h 66562 39688 
h 59948 35417 
h 109635 65260 
h 70730 31146 
i 54011 29688 
i 62708 29531 
i 27604 27291 
i 48333 19063 
i 61927 31823 
i 42344 32813 
i 42969 19948 
i 54375 27656 
i 71093 33021 
i 55834 49115 
i 64323 29479 
i 50521 24791 
i 47136 20990 
i 269115 23281 
i 75417 32812 
i 60104 29115 
i 64011 28750 
i 61615 34532 
i 47240 29323 
i 328437 20937 
i 56667 19010 
i 60729 21250 
i 59271 22656 
i 57447 21354 
i 56875 20833 
i 54323 19896 
i 69323 23229 
i 38229 20000 
i 48750 21458 
i 82292 35886 
i 65573 32552 
i 62448 30937 
i 61927 37812 
i 55729 29218 
i 57760 28594 
i 29114 22969 
i 63334 29375 
i 73542 31093 
i 74687 35937 
i 52656 22500 
i 69062 23282 
i 51979 19687 
i 53438 28490 
i 25000 26250 
i 53437 22240 
i 63646 23125 
i 23125 22917 
i 55782 29219 
i 49791 26459 
i 53177 28177 
i 22447 30053 
i 56042 22448 
i 58854 35000 
i 66510 29739 
i 63177 23542 
i 55677 35104 
i 79792 30938 
i 55365 23281 
i 44948 27813 
i 62708 31250 
i 44948 19167 
i 51667 21354 
i 64167 31354 
i 70520 38073 
i 55781 30313 
i 56354 22864 
i 57084 30157 
i 48750 26563 
i 42605 47968 
i 51250 28282 
i 51302 27761 
i 57344 22656 
i 49844 26615 
i 59948 27656 
i 65833 32188 
i 51614 26510 
i 57552 21459 
i 50364 20260 
i 55000 29166 
i 22864 25886 
i 58802 28073 
i 43386 24844 
i 66980 26823 
i 55157 21302 
i 34896 27291 
i 57188 32084 
i 66198 29479 
i 49584 28854 
i 79740 21667 
i 59271 28021 
i 107292 25521 
i 66719 30208 
i 62396 31615 
i 72969 47657 
i 70156 33385 
i 60781 29479 
i 53645 21510 
i 74323 30365 
i 69479 29271 
i 95364 20782 
j 64375 29219 
j 59947 37761 
j 64635 32136 
j 65730 34792 
j 58958 27865 
j 316093 284792 
j 95938 65156 
j 71614 31250 
j 0 43334 
j 50521 28020 
j 91667 30781 
j 56094 28229 
j 63073 29635 
j 56406 57500 
j 0 37864 
j 10729 41406 
j 76563 40052 
j 56562 29896 
j 64740 37552 
j 62083 31510 
j 68697 32344 
j 80625 46146 
j 55938 26875 
j 54740 28750 
j 65469 39427 
j 91771 53386 
j 57448 27083 
j 49740 27240 
j 72136 37969 
j 65313 38646 
j 57708 29791 
j 56459 34948 
j 72656 47864 
j 98489 37239 
j 69271 38177 
j 66667 36459 
j 59270 31979 
j 77448 41510 
j 79688 46927 
j 64896 30782 
j 66145 31979 
j 62865 31927 
j 67084 39740 
j 62135 39219 
j 67032 41354 
j 62813 33698 
j 75885 39323 
j 80000 49740 
j 64792 28281 
j 83542 22761 
j 71667 42240 
j 73177 38958 
j 19844 36302 
j 62604 41302 
j 51198 35572 
j 62917 36302 
j 56146 27657 
j 76927 42292 
j 80208 34062 
j 55833 26197 
j 65104 37968 
j 73073 37187 
j 81146 46198 
j 55573 27709 
j 78333 39740 
j 60937 29583 
j 317865 228854 
j 62500 31146 
j 106667 60104 
j 57709 27500 
j 62709 30209 
j 73385 37865 
j 60052 36510 
j 51771 44740 
j 139531 431927 
j 93646 38489 
j 67916 39583 
j 64740 38698 
j 63177 32552 
j 67969 38177 
j 60521 35104 
j 58489 22552 
j 59584 31197 
j 75990 43386 
j 75937 46980 
j 0 67760 
j 0 54480 
j 64427 30938 
j 86667 48386 
j 58802 34844 
j 61198 29219 
j 72344 40052 
j 85469 47083 
j 58750 31875 
j 76354 31041 
j 12240 32239 
j 88854 47760 
j 67605 40208 
j 57709 31302 
j 68959 30208 
k 94532 42084 
k 69479 37656 
k 79166 42031 
k 68854 29218 
k 269375 63958 
k 61198 37344 
k 68646 39531 
k 64010 30625 
k 62448 30364 
k 51979 25833 
k 91719 52188 
k 59011 28073 
k 67500 36146 
k 388854 39480 
k 62396 31042 
k 91666 44635 
k 54896 34427 
k 57240 35521 
k 69375 49531 
k 65886 40781 
k 58021 30313 
k 51406 27969 
k 63646 37709 
k 57916 30625 
k 57864 31719 
k 22656 32709 
k 87396 55990 
k 22709 24166 
k 67552 30000 
k 63594 38593 
k 67239 29427 
k 63646 30052 
k 99636 68854 
k 55261 28802 
k 88855 61823 
k 57032 30521 
k 69844 39115 
k 62917 38802 
k 55937 27292 
k 71198 32240 
k 74688 35729 
k 78698 47708 
k 0 47969 
k 67656 32083 
k 78854 38802 
k 52604 32084 
k 57917 36041 
k 64270 30833 
k 86094 23177 
k 61563 28750 
k 60572 29062 
k 62292 29896 
k 59427 21667 
k 57969 27656 
k 74167 22865 
k 59011 27552 
k 60625 34166 
k 64114 31406 
k 49010 26667 
k 56302 35677 
k 124843 91302 
k 97448 46614 
k 61614 0 
k 64010 30729 
k 64375 39531 
k 67396 36094 
k 64687 35781 
k 76198 40677 
k 32188 30364 
k 71041 30261 
k 70313 38490 
k 59375 34792 
k 56823 20469 
k 87031 57240 
k 112708 31563 
k 65625 37240 
k 66094 33333 
k 51302 25990 
k 73334 40886 
k 68437 32292 
k 75469 32084 
k 70208 37657 
k 88907 28906 
k 25052 34740 
k 13698 30937 
k 56823 26980 
k 62448 30937 
k 57500 28646 
k 63802 31562 
k 76719 31771 
k 58802 28020 
k 78802 43698 
k 55104 38021 
k 58073 29635 
k 62136 39479 
k 74270 32708 
k 57187 31615 
k 68333 31406 
k 52709 37813 
k 73646 30990 
l 51198 22188 
l 52760 22292 
l 47031 22864 
l 48750 19844 
l 119948 22135 
l 34115 19791 
l 56145 21979 
l 10260 23854 
l 57761 22395 
l 61562 27500 
l 47656 21875 
l 63073 21719 
l 42396 20572 
l 57240 21042 
l 56667 25417 
l 42500 19740 
l 51927 21041 
l 95208 22813 
l 89948 30104 
l 52813 22448 
l 36042 21562 
l 47604 20938 
l 60261 56406 
l 57344 22240 
l 50833 20573 
l 63021 22396 
l 72656 40417 
l 51458 22865 
l 41927 21406 
l 56094 22447 
l 45573 23281 
l 54323 28386 
l 52344 31302 
l 81145 46198 
l 57032 22917 
l 56927 23230 
l 53958 20885 
l 57656 20885 
l 68958 45937 
l 63229 24740 
l 51563 23593 
l 46563 22187 
l 41406 19688 
l 59584 24115 
l 59323 22083 
l 49896 24636 
l 55990 20573 
l 58021 20573 
l 41719 20156 
l 53958 21197 
l 48125 22032 
l 45678 20261 
l 40209 22240 
l 0 314375 
l 48281 22813 
l 24115 33802 
l 55105 23282 
l 55677 22344 
l 56563 22604 
l 75521 27760 
l 48958 22084 
l 60468 21093 
l 54791 21146 
l 45469 19375 
l 46198 12657 
l 58333 30261 
l 56146 30105 
l 63073 31614 
l 49427 21927 
l 55156 22291 
l 54167 114687 
l 57239 23490 
l 57291 22708 
l 45261 19948 
l 76979 57396 
l 63698 22708 
l 47448 21562 
l 62969 21614 
l 71094 23385 
l 57656 21927 
l 44792 20052 
l 59219 35729 
l 57240 21980 
l 59479 24688 
l 48386 23282 
l 53541 20313 
l 51927 21511 
l 46823 65156 
l 57136 32187 
l 81667 60469 
l 82604 21771 
l 48230 19688 
l 57396 23437 
l 55885 22448 
l 52344 20729 
l 66927 31302 
l 50365 19583 
l 46406 21302 
l 58073 21719 
l 53073 24114 
q 73750 47396 
q 83178 45052 
q 0 48020 
q 72968 37865 
q 79531 47865 
q 76406 47136 
q 75989 40573 
q 75208 49063 
q 81666 56510 
q 24062 40677 
q 68438 38489 
q 103854 79167 
q 65000 38229 
q 73646 49687 
q 73229 38177 
q 326146 45625 
q 71041 39844 
q 63281 21719 
q 65520 36875 
q 75052 43906 
q 90365 49010 
q 63490 36511 
q 75990 39062 
q 75260 29740 
q 74479 38489 
q 70364 42084 
q 93437 57865 
q 0 41823 
q 86510 42501 
q 102239 64948 
q 64948 42188 
q 70208 39114 
q 56302 34375 
q 60729 34322 
q 95782 56250 
q 80781 37552 
q 73542 30468 
q 70156 41302 
q 73646 37500 
q 61563 39427 
q 90052 51406 
q 82969 48229 
q 76303 46093 
q 64428 37708 
q 74635 48594 
q 61354 36823 
q 67084 28646 
q 56667 34010 
q 55104 31354 
q 88542 57395 
q 87187 47240 
q 64114 36666 
q 86302 50052 
q 78438 43906 
q 76719 40416 
q 86823 58698 
q 81041 46979 
q 80833 49115 
q 73020 37187 
q 125781 101354 
q 62083 34011 
q 72188 36823 
q 76459 31407 
q 69792 42917 
q 107500 64479 
q 63385 35990 
q 78333 46979 
q 91875 49531 
q 72917 37708 
q 80573 46771 
q 53125 45469 
q 21979 38073 
q 59792 35886 
q 147188 54114 
q 91563 47136 
q 79948 45886 
q 81563 46927 
q 71511 41146 
q 63906 30000 
q 67032 21198 
q 88125 50937 
q 116615 45521 
q 13333 41927 
q 79479 39792 
q 99636 40469 
q 79583 42968 
q 71198 41823 
q 60313 35364 
q 84271 41979 
q 76666 47969 
q 81979 48646 
q 67083 35260 
q 58437 33489 
q 83646 47448 
q 72865 46666 
q 68542 37709 
q 64896 43281 
q 90156 52240 
q 63802 30052 
q 72657 38385 
t 75208 31458 
t 58594 28073 
t 14739 29010 
t 55469 28854 
t 61198 23802 
t 78021 31614 
t 243802 39271 
t 71979 37083 
t 67344 27709 
t 65573 29635 
t 63958 36771 
t 264115 28385 
t 50782 27864 
t 73386 32240 
t 328594 30053 
t 56146 21615 
t 60260 34062 
t 498593 37031 
t 62395 27135 
t 61250 31407 
t 67760 31093 
t 91198 21302 
t 51875 28646 
t 63541 30677 
t 11510 30781 
t 66354 19948 
t 0 32708 
t 77135 33542 
t 13073 33698 
t 71198 29635 
t 69166 0 
t 0 45990 
t 57240 28906 
t 49167 29688 
t 58907 32656 
t 50417 19843 
t 67239 29844 
t 65417 28802 
t 65000 30989 
t 61980 30625 
t 63646 31823 
t 43490 30677 
t 65104 40260 
t 63593 30000 
t 82657 43855 
t 67605 20208 
t 65989 35156 
t 21302 22604 
t 109739 30052 
t 62292 30156 
t 63334 266823 
t 56146 20417 
t 205312 118229 
t 24114 31042 
t 69375 30521 
t 70260 31614 
t 67969 0 
t 49792 28386 
t 66146 22760 
t 67968 29687 
t 123594 51354 
t 83959 46666 
t 66354 32188 
t 56302 35156 
t 80209 48646 
t 70885 30885 
t 59062 29479 
t 61927 29322 
t 423177 30730 
t 22396 24636 
t 63281 30833 
t 75729 32917 
t 61406 31146 
t 82187 47344 
t 68854 38594 
t 65416 37188 
t 92136 56667 
t 55208 30260 
t 65209 27083 
t 62136 31511 
t 61823 28907 
t 72760 39792 
t 84583 21302 
t 18750 38386 
t 72917 41406 
t 73645 37344 
t 65573 23646 
t 21094 31354 
t 73750 38750 
t 56302 417552 
t 58698 22135 
t 86875 38073 
t 55364 21823 
t 62709 30625 
t 53854 20833 
t 23125 31250 
t 80469 42604 
t 90520 28802 
t 62812 31354 
t 67968 45365 
v 13281 51458 
v 58594 0 
v 52656 27343 
v 56406 31250 
v 70885 39740 
v 89531 36354 
v 70260 30886 
v 60937 29010 
v 79062 38646 
v 69375 39115 
v 54011 28594 
v 55052 29375 
v 57657 35313 
v 64219 31614 
v 74583 38854 
v 62084 33125 
v 49114 27187 
v 63958 38750 
v 409114 401250 
v 65990 24063 
v 64166 38490 
v 75000 45208 
v 63229 30520 
v 61927 33906 
v 52344 27708 
v 64115 32187 
v 53177 21562 
v 69636 38177 
v 56354 43385 
v 73386 32344 
v 96979 153594 
v 22396 29270 
v 79219 46354 
v 64427 30365 
v 54792 32761 
v 50989 29114 
v 61927 30260 
v 54896 30000 
v 69480 48333 
v 69375 37500 
v 52344 26823 
v 31719 30000 
v 65365 39115 
v 72500 31927 
v 62917 37917 
v 64688 30416 
v 84739 21979 
v 143698 20886 
v 10365 39531 
v 20416 28750 
v 9167 29844 
v 63073 35105 
v 69271 29480 
v 78594 53646 
v 53698 30990 
v 72864 38489 
v 81146 46198 
v 63906 22083 
v 78646 39427 
v 73229 45208 
v 63698 29166 
v 70730 43177 
v 65885 29896 
v 123333 23802 
v 66355 32969 
v 52813 36042 
v 51927 21562 
v 57760 31615 
v 23021 38750 
v 88437 46094 
v 84531 47083 
v 69896 37448 
v 67239 28125 
v 67812 39323 
v 56928 37968 
v 67396 31459 
v 71667 38593 
v 66510 39479 
v 66042 33959 
v 69948 38333 
v 63333 37657 
v 65156 30521 
v 68541 35260 
v 61823 38334 
v 64219 24062 
v 82917 47969 
v 68646 30730 
v 58594 30104 
v 55625 30209 
v 65521 31302 
v 272135 20990 
v 62292 31927 
v 62916 36354 
v 68490 37083 
v 63125 32239 
v 52344 22864 
v 67500 30677 
v 67917 34114 
v 64531 30468 
v 64271 32656 
x 73385 37083 
x 69063 30885 
x 89739 47083 
x 0 37708 
x 63230 31510 
x 64427 31459 
x 16563 43281 
x 65209 39688 
x 70313 38073 
x 262917 380104 
x 68541 32396 
x 73073 39635 
x 81093 49792 
x 65365 31145 
x 63906 30156 
x 76094 43333 
x 93282 31875 
x 62864 31146 
x 57917 27813 
x 62188 30468 
x 64323 31718 
x 434427 19427 
x 73490 38906 
x 73698 31562 
x 91875 48489 
x 62708 30521 
x 72813 37865 
x 68125 39166 
x 57500 26667 
x 61302 28802 
x 62344 31614 
x 61615 36979 
x 72448 37032 
x 65729 37604 
x 80104 285208 
x 47865 30312 
x 55157 29531 
x 67708 41198 
x 71875 38021 
x 65938 38958 
x 48906 27239 
x 49323 27188 
x 0 32448 
x 55520 36771 
x 68281 32917 
x 95052 39323 
x 74218 39010 
x 21406 41875 
x 68178 31562 
x 64167 37135 
x 22240 38750 
x 104063 53333 
x 62916 42969 
x 58854 29167 
x 64219 30521 
x 61146 35990 
x 0 90938 
x 56198 26458 
x 22188 33281 
x 9791 30104 
x 63490 38281 
x 74636 39167 
x 73803 37917 
x 74636 38750 
x 21197 31250 
x 73125 40313 
x 71354 37500 
x 24166 39218 
x 77760 41459 
x 64635 29740 
x 68645 39531 
x 76198 39687 
x 64740 33750 
x 61771 30625 
x 60104 43698 
x 64167 38386 
x 65573 38177 
x 103386 33021 
x 61719 28646 
x 72240 39791 
x 65052 38438 
x 56979 22708 
x 69636 38542 
x 76980 49010 
x 62552 38698 
x 63021 36875 
x 76563 40312 
x 59219 29844 
x 91927 22448 
x 69323 30625 
x 89427 39583 
x 92031 45364 
x 102240 54375 
x 69479 38802 
x 74271 20000 
x 78959 39948 
x 62656 38542 
x 102917 21927 
x 68333 38959 
x 68646 34739 
y 74740 31406 
y 78333 24062 
y 66093 35104 
y 67813 35000 
y 80105 46094 
y 73385 36875 
y 71042 39166 
y 69323 38229 
y 72032 34948 
y 84531 52240 
y 80208 45364 
y 62917 26666 
y 24583 41459 
y 82396 47708 
y 73125 43854 
y 248437 43490 
y 68281 23489 
y 78438 43542 
y 72500 39948 
y 178645 36198 
y 22240 49948 
y 62916 39010 
y 61927 36042 
y 69844 43386 
y 81406 38594 
y 84010 46979 
y 72917 46927 
y 59166 36093 
y 69531 38541 
y 41511 39010 
y 74115 37708 
y 82343 51875 
y 84635 39375 
y 76927 46406 
y 70677 38073 
y 328437 29896 
y 78490 44011 
y 76823 45156 
y 89375 36979 
y 102917 63334 
y 81562 48333 
y 68177 32968 
y 78542 40260 
y 83803 46615 
y 82448 49896 
y 61875 35782 
y 90469 57864 
y 72031 42813 
y 17344 47187 
y 65990 19115 
y 0 8177 
y 71094 39323 
y 71719 39375 
y 75208 48177 
y 95157 57396 
y 96198 41719 
y 69375 38646 
y 82448 48698 
y 82969 46511 
y 75000 44583 
y 141823 229167 
y 98541 55938 
y 78438 46094 
y 72864 39740 
y 65938 35938 
y 89896 48229 
y 78594 44375 
y 78072 41303 
y 79323 46094 
y 77500 42813 
y 69792 37084 
y 74428 48177 
y 114166 48802 
y 87031 47761 
y 74271 89635 
y 79740 46042 
y 65052 31459 
y 75937 44636 
y 73906 31094 
y 76615 41719 
y 82500 42708 
y 70104 44740 
y 69948 37761 
y 68854 48333 
y 71927 37656 
y 77604 46979 
y 69687 39427 
y 85677 49531 
y 70677 40990 
y 81302 37240 
y 76302 38907 
y 61510 117292 
y 80677 39167 
y 67864 30417 
y 73125 24636 
y 70729 42813 
y 68542 29323 
y 65052 33958 
y 89792 22656 
y 11250 40625 
z 44114 20730 
z 64218 20156 
z 56875 28906 
z 99427 46250 
z 64010 29167 
z 33959 31146 
z 56615 21927 
z 56614 31354 
z 54011 21615 
z 61615 21614 
z 58802 32396 
z 53385 27083 
z 57344 22292 
z 60938 40052 
z 13125 201719 
z 55469 21406 
z 67708 32448 
z 62136 40573 
z 68802 31823 
z 67240 29479 
z 48229 19843 
z 23281 30261 
z 10781 35782 
z 49063 20104 
z 55989 22240 
z 65365 23125 
z 52083 28697 
z 59740 28333 
z 11875 22865 
z 61041 23958 
z 62656 23698 
z 33229 22812 
z 176458 112656 
z 59739 30416 
z 49844 27917 
z 66979 0 
z 20313 28594 
z 63697 29740 
z 60886 36198 
z 61823 22656 
z 67187 33750 
z 269427 112291 
z 58594 29948 
z 66407 23750 
z 61042 30782 
z 62084 28854 
z 82916 37292 
z 58490 30938 
z 52968 24479 
z 67344 23698 
z 23386 22083 
z 64687 39114 
z 69323 43073 
z 59375 29740 
z 62136 25312 
z 56510 30990 
z 64219 31250 
z 173229 39010 
z 43281 20000 
z 58230 31823 
z 65000 30573 
z 98125 37083 
z 11406 30938 
z 47812 30521 
z 53802 22239 
z 52657 0 
z 56927 30052 
z 63959 22500 
z 52864 20261 
z 57187 21718 
z 135573 29167 
z 59843 31197 
z 49844 22813 
z 12344 22032 
z 157396 20937 
z 68438 22813 
z 51823 29531 
z 52968 24896 
z 58073 23802 
z 64167 30208 
z 71198 37604 
z 48958 28802 
z 10469 47761 
z 65781 31093 
z 61667 27760 
z 56094 28802 
z 78490 426667 
z 87188 43438 
z 0 30781 
z 65052 32448 
z 0 225208 
z 56927 28386 
z 11406 12240 
z 64583 33594 
z 51875 28281 
z 55678 22552 
z 57709 29687 
z 55416 20886 
z 63282 22656 
z 56458 30938 
2 77969 44219 
4 69114 20312 
9 89167 54948 
6 98125 58073 
3 97344 46875 
0 165521 54063 
7 60729 22552 
1 69844 29895 
8 96823 68177 
5 81250 49531 
2 51042 43281 
8 111718 76510 
3 101146 69062 
5 88698 61823 
9 94740 63385 
7 76511 41250 
0 90156 56771 
4 72917 38281 
6 95730 22761 
1 55520 29583 
5 80677 52240 
6 96406 55625 
0 85730 61042 
3 99323 63177 
9 94583 58438 
2 79323 47084 
1 60781 29948 
8 108177 73958 
4 116666 39115 
7 64583 39010 
4 89323 70677 
9 97865 59635 
5 80521 45729 
8 109375 21094 
3 101511 65000 
1 63698 22812 
7 75833 36823 
2 106511 48333 
6 104219 65365 
0 123177 86459 
5 71562 36875 
6 26563 25052 
1 10833 377656 
3 89375 67656 
0 82136 21407 
4 67656 35938 
8 109115 62031 
2 84063 52239 
9 96927 57344 
7 71146 38385 
5 83438 32657 
3 98021 57500 
2 73281 40416 
9 148281 101042 
8 104636 71094 
0 88177 60625 
1 64583 30938 
4 83229 37917 
7 67917 34063 
6 143229 55625 
5 71042 40625 
2 0 65625 
1 55989 24479 
8 141094 111094 
6 99375 58333 
9 103646 67604 
3 92605 57500 
7 79167 35729 
4 80104 31823 
0 87292 56823 
9 86927 68437 
0 93854 51459 
7 67865 35938 
1 98542 22032 
3 104219 63125 
8 103073 70521 
4 59427 29115 
2 80313 38489 
5 85677 50261 
6 92916 71145 
9 0 82865 
0 91406 48750 
6 98490 64636 
4 81042 46198 
1 70000 31094 
3 97135 55572 
7 67396 39896 
5 114739 74583 
8 107968 70885 
2 83802 47344 
6 89166 62448 
9 198489 159166 
8 99896 63750 
5 155052 52187 
3 90157 54740 
4 65052 36823 
0 95677 53542 
1 61562 30677 
7 73385 38594 
2 76771 47136 
4 59479 30573 
5 88438 56979 
2 78646 47605 
9 27292 57604 
3 101562 60469 
1 62240 31146 
8 106146 73229 
0 88334 54636 
6 97865 62656 
7 68333 31667 
5 69531 38594 
6 87708 53125 
7 20833 28802 
2 84739 51615 
3 170625 48489 
0 78229 46823 
1 55000 21979 
4 63854 30521 
8 97969 58073 
9 28229 50938 
2 22917 48437 
0 95052 58646 
9 100729 65000 
4 86407 47969 
7 66666 37916 
6 14583 60364 
3 11667 56510 
8 128438 74427 
5 85937 48073 
1 66355 32136 
2 22708 71354 
8 110312 62500 
6 11615 62083 
3 216823 271771 
7 65729 39010 
1 62292 25625 
0 95312 54844 
9 233750 234635 
5 89791 56875 
4 74218 31719 
9 78490 22500 
0 95730 50989 
2 85833 45260 
4 78385 50052 
3 93489 56823 
6 101562 55625 
8 113282 74583 
5 86718 55520 
7 78020 46928 
1 60520 38021 
5 83281 47136 
0 0 19166 
1 62552 38646 
4 87448 47396 
7 70834 38073 
8 107916 74479 
6 102812 64062 
2 83645 46354 
3 95208 61667 
9 93854 53490 
8 135625 94792 
5 85365 57500 
7 71510 38178 
1 99636 35886 
0 97813 54062 
4 69532 38698 
2 80990 48958 
3 92239 47448 
9 106771 56093 
6 98750 64635 
0 116459 80573 
5 94010 54062 
7 68438 39948 
4 87812 48437 
1 61771 31302 
8 98021 74219 
9 98177 63906 
6 138541 93593 
2 80937 47708 
3 482761 45677 
6 90833 0 
7 83437 45469 
0 87447 55469 
2 90104 58125 
5 84166 48698 
8 102239 72135 
4 70781 31302 
9 88906 62448 
1 9687 29531 
3 93802 55678 
4 78020 38177 
6 85469 49479 
0 81615 57136 
2 103802 60573 
1 56927 29166 
5 89479 55365 
7 70260 38021 
3 91771 53855 
9 96667 54844 
8 96979 70104 
5 340730 40000 
0 87344 52864 
6 10104 60156 
8 113646 71198 
2 79792 47396 
7 69584 38333 
4 78490 31406 
9 107761 66615 
3 90937 54739 
1 64479 30365 
9 118959 62917 
1 64739 30261 
6 93073 54584 
4 78177 48125 
3 93073 55104 
2 83802 45781 
5 85365 56354 
0 88021 55520 
8 111719 73125 
7 0 39115 
1 53906 21979 
0 86718 39323 
8 86614 54219 
6 106406 72031 
4 57812 27656 
5 75989 47916 
3 78386 46354 
2 74896 38125 
7 65052 38541 
9 91355 63333 
1 65104 31354 
9 80729 48646 
6 0 23542 
2 100625 58333 
4 64635 37344 
7 65260 31510 
0 88698 55052 
8 100989 65625 
3 96771 56302 
5 90469 56354 
8 104531 66302 
2 84792 47292 
9 93906 62552 
4 85886 49740 
1 65469 30469 
3 98542 58594 
0 151667 56250 
6 83593 65156 
5 97084 49531 
7 76666 37917 
2 78177 44687 
6 99167 62083 
5 89167 46198 
1 144948 115521 
4 70886 37812 
7 0 8750 
3 97604 57604 
9 101198 56250 
0 16198 57136 
8 113021 72552 
1 51823 22083 
9 99010 63541 
3 92500 56146 
6 107552 74635 
2 80521 55677 
4 76614 38646 
5 92291 47917 
7 100364 41302 
8 102604 0 
0 78437 49896 
4 176198 38229 
8 106927 71875 
2 244427 195417 
0 110781 72240 
9 93385 53229 
1 62136 28438 
7 69323 24844 
3 96302 59427 
6 106042 60468 
5 91875 49322 
1 74740 39688 
7 72083 42865 
5 93646 55313 
9 11406 58386 
4 373907 47604 
3 93438 54740 
2 85781 50312 
0 94896 54636 
8 100209 64219 
6 97500 65260 
4 64791 30313 
6 100365 64584 
9 105989 54739 
2 16354 196719 
1 70105 30417 
7 73489 38073 
5 84844 56718 
0 89896 55782 
8 105105 72240 
3 92344 52135 
0 74739 46094 
9 100573 61407 
1 55573 30469 
4 90990 48958 
3 26041 58698 
6 95156 66979 
7 68334 39948 
2 88594 47812 
5 85990 50781 
8 108750 66875 
1 20521 30417 
2 24843 47292 
0 87656 56823 
6 106198 71718 
9 97812 63021 
5 99479 46979 
8 21771 75990 
7 78803 41146 
3 91979 23282 
4 64166 38646 
1 48854 29062 
8 109063 67916 
6 109271 59375 
7 84219 47708 
3 84843 52761 
5 85417 47084 
2 82136 55677 
4 152291 40209 
9 94948 25521 
0 373229 20885 
3 73594 53438 
4 69166 37291 
6 93906 63750 
9 130312 236042 
5 79115 47344 
7 64427 34636 
0 145625 118437 
1 61094 30000 
8 106510 72135 
2 77552 55104 
1 58073 23438 
4 83698 39532 
7 70990 40209 
3 99271 63750 
9 101771 64427 
0 86510 52604 
5 90469 56510 
8 108021 72343 
6 9635 0 
2 85885 47864 
3 96979 55833 
9 100989 64948 
1 77135 34062 
2 175469 133438 
7 65781 38594 
0 22188 53386 
6 89532 51822 
8 104791 70625 
5 91406 54791 
4 58334 34792 
7 69427 40365 
8 109635 63229 
6 63645 20885 
1 70781 38125 
4 68334 39218 
0 105886 55312 
2 86719 64479 
5 85990 47447 
9 105208 58698 
3 92864 48177 
4 65260 33438 
3 22396 55886 
0 89479 64948 
6 106718 72292 
5 91615 49323 
1 64583 22552 
9 101303 68541 
2 165625 46458 
7 74219 38542 
8 23438 75886 
9 94687 60938 
7 66354 40886 
1 55417 28490 
6 96042 55260 
2 96250 49375 
0 266563 49427 
4 70729 40365 
3 98803 55729 
5 10937 345365 
8 104584 76302 
4 83906 51614 
3 138646 123698 
7 69115 36875 
0 98229 65260 
2 88802 45468 
9 102760 65365 
8 144740 115261 
1 67760 23333 
5 87656 58333 
6 134792 107656 
5 22292 39166 
6 438698 56041 
2 79636 48073 
7 76145 52709 
9 98593 67552 
0 81094 53958 
1 68125 25365 
3 99739 55781 
4 80209 38594 
8 113125 72656 
6 85625 46459 
0 93698 62865 
7 77865 46614 
2 91354 56042 
1 59271 32291 
4 81979 38750 
5 145677 26823 
8 105157 70989 
9 107604 62500 
3 95677 56458 
8 86094 55208 
4 70989 39062 
1 70208 31979 
2 89114 55468 
3 95209 54635 
6 96459 61718 
0 94114 56302 
7 63438 40260 
5 98593 49428 
9 96303 55521 
5 97084 405104 
1 73594 33698 
8 100469 43438 
2 87552 65365 
9 102708 61927 
0 96250 55990 
3 93489 57395 
6 102969 56667 
4 65521 41666 
7 77813 44531 
0 75468 20937 
3 77292 39115 
2 75312 40000 
5 85781 41250 
4 70104 29063 
8 81458 63386 
9 92344 53854 
1 56562 28542 
7 59115 21771 
6 77552 46094 
2 72761 43125 
9 103750 93594 
5 89843 56666 
3 130885 79740 
4 64375 38386 
0 86458 57292 
1 57292 109843 
7 71771 32969 
6 94167 63021 
8 121562 62604 
9 91563 63489 
2 86302 55834 
1 72448 31146 
6 105625 72500 
5 87240 50000 
7 71563 31719 
3 99584 58907 
8 114844 72344 
4 70313 38490 
0 90729 56354 
4 51406 36250 
6 88229 55104 
9 108437 57864 
1 78125 38541 
0 91406 54167 
2 86823 47448 
7 71667 40312 
3 99635 58906 
8 113490 59740 
5 88959 53541 
5 105781 70677 
3 13177 50156 
1 77864 40573 
0 103229 67396 
9 101198 64948 
4 79375 40469 
7 67605 38333 
8 119948 65469 
6 97136 48907 
2 76146 47240 
2 76354 40417 
9 488646 63855 
8 108489 64792 
7 116198 75833 
3 102291 58177 
6 89531 62187 
1 71042 30937 
0 95469 55052 
4 72240 0 
5 86406 55000 
2 86614 45469 
0 103906 59844 
9 100573 64583 
1 74166 39792 
3 91615 55313 
8 112344 70781 
4 106875 251510 
6 100313 57500 
7 102344 79375 
5 91875 22969 
3 70886 38177 
9 108386 58385 
5 83697 50573 
2 0 60053 
8 109375 65573 
1 64011 32552 
7 90052 37552 
6 103489 63177 
0 90625 56250 
4 77864 32656 
4 21042 29427 
1 63645 31406 
5 83281 48907 
8 116927 77031 
7 82969 40938 
9 102240 55521 
2 92813 51094 
6 89323 62396 
0 105260 53750 
3 105157 50677 
8 87187 54739 
4 75052 35885 
1 65052 30521 
7 85364 52552 
2 86042 50781 
6 103593 64636 
9 101094 62500 
0 88177 65313 
3 94635 54375 
5 84688 45052 
8 100833 61302 
5 143854 54948 
0 92864 53854 
4 75104 48802 
7 10938 32031 
9 95677 64219 
6 96875 64791 
1 64375 38125 
2 121667 85417 
3 129479 123646 
9 132708 0 
2 67292 38333 
8 357969 203698 
4 75625 39636 
5 67917 37344 
6 80156 55781 
1 53854 30416 
3 73698 47343 
0 9583 460260 
7 75157 40416 
0 83282 54063 
4 79896 31927 
2 83906 47761 
3 91823 104375 
1 64062 30416 
6 94531 61667 
5 83230 56198 
9 182395 120677 
7 79114 29479 
8 114896 67917 
3 77968 56094 
2 86510 46927 
5 90729 54635 
7 78021 52812 
6 93490 63333 
1 63073 29791 
4 449167 294271 
0 92135 55781 
8 74375 72709 
9 132552 65781 
4 70052 47031 
6 92865 66407 
1 65208 27604 
8 154166 113334 
2 91303 49062 
9 90469 20677 
5 87083 56146 
7 81875 39635 
0 0 56719 
3 88802 54062 
8 103593 65157 
5 85209 40521 
2 81510 45469 
1 65677 36302 
7 76146 35937 
0 123854 91510 
9 100885 64011 
6 96198 61823 
3 343073 53698 
4 72396 51198 
6 77552 44792 
4 25156 41979 
8 112187 69740 
0 119948 82812 
7 73906 37135 
1 65989 31041 
3 95469 57083 
2 79687 53855 
9 97292 60678 
5 85105 45625 
6 76615 45156 
8 98073 68854 
1 66667 36927 
4 75208 46563 
9 102448 62969 
7 80520 29271 
2 84479 46510 
5 80052 52864 
3 90729 55104 
0 88229 62552 
9 71302 47136 
2 21458 39739 
0 86042 64166 
1 56979 30209 
7 63281 40625 
6 92500 61511 
5 91406 54271 
8 103646 60677 
3 86875 54635 
4 77552 30261 
6 160313 499271 
4 78385 49270 
0 89584 54635 
3 117500 76719 
8 113073 75990 
1 68750 31250 
5 87708 46875 
9 95572 62291 
2 86354 49375 
7 70208 38594 
9 101355 65261 
4 63959 39792 
8 112031 63698 
2 86562 56667 
0 85417 54114 
7 60729 21927 
3 86771 46302 
1 63802 30729 
5 90521 57448 
6 106771 31666 
9 86667 59323 
4 76562 30312 
7 67656 40156 
2 99114 56354 
0 93854 56198 
8 105260 72187 
3 99167 48333 
5 106771 51198 
1 61302 27604 
6 102448 63698 
5 87083 49114 
1 53593 31197 
3 108385 51667 
7 52760 28750 
8 176875 225365 
4 68386 38802 
2 73438 22553 
9 325833 49219 
0 82865 56615 
6 95365 66094 
1 82084 51979 
7 109063 35469 
3 92032 54010 
0 9947 57083 
2 10416 63646 
4 70885 38645 
6 99635 55313 
5 111146 52084 
8 104322 71146 
9 71354 96510 
2 106146 68490 
6 79844 57292 
4 63073 32084 
1 63646 47031 
7 69428 37500 
9 109219 68645 
3 98386 47969 
5 86823 43386 
0 90417 60677 
8 143229 192657 
7 94688 57917 
8 107708 72240 
1 52396 30521 
2 79115 55677 
9 85417 60104 
6 220468 141510 
4 69792 37656 
0 100156 59375 
5 97500 57187 
3 93958 64010 
2 100833 47709 
7 71718 31719 
0 84688 57760 
8 10937 81770 
4 68542 46979 
9 101145 54688 
1 23281 32812 
5 96823 46822 
3 101250 56250 
6 17760 59740 
7 73281 37656 
3 96510 55677 
1 71041 391146 
4 96094 38959 
0 91823 57344 
2 82760 48541 
8 92395 67187 
6 100313 56042 
5 89583 46562 
9 94531 57031 
0 87188 44115 
4 80677 40000 
7 59635 34479 
9 112135 71615 
2 87448 49167 
6 191354 63750 
8 140260 100729 
5 85625 54844 
3 17917 49583 
1 155625 150833 
4 60104 30833 
7 75937 37656 
6 87083 59427 
8 139636 78385 
5 88959 46980 
9 140677 64583 
1 58646 31614 
0 84896 57604 
2 83385 48646 
3 121198 85208 
4 64948 29011 
6 92344 61354 
3 0 90208 
0 105364 71979 
8 102135 73386 
1 63281 23542 
5 116875 79531 
9 93802 54219 
7 63489 29896 
2 94167 56198 
3 77812 24740 
5 83750 48334 
4 78489 41927 
7 83594 40000 
8 107239 64948 
9 9896 57500 
2 87969 50261 
0 84792 48750 
6 97188 60156 
1 66771 27136 
1 56667 29114 
2 82084 48281 
4 80417 42344 
3 102916 58125 
8 107395 62605 
7 66198 38281 
9 91823 56822 
0 94739 56145 
6 97031 58333 
5 88125 60052 
3 52396 55104 
8 85938 53281 
0 93385 63333 
5 285937 27292 
7 70000 40730 
6 85313 46927 
1 55104 37604 
2 81458 45156 
9 92969 0 
4 77396 36459 
4 59687 30834 
5 307240 61823 
9 95937 65468 
3 104739 55678 
2 89427 47395 
8 112291 65156 
1 57187 31719 
6 96146 60886 
0 90573 56927 
7 13489 31198 
9 129375 87552 
0 163854 120000 
8 152187 114844 
5 92031 22448 
1 60521 35469 
2 93333 47343 
6 88386 57396 
4 78229 39323 
7 73177 42813 
3 95729 55312 
1 28906 95521 
8 104271 63073 
3 90573 55313 
9 108281 67656 
7 66041 38646 
4 74010 31458 
6 97187 63073 
0 97812 64739 
2 89948 48490 
5 96563 48593 
7 69479 40521 
4 116928 56302 
6 106407 66094 
3 107448 64219 
9 100052 63802 
2 91979 50365 
5 108281 44584 
8 97865 72657 
0 82656 54583 
1 62656 35782 
6 92136 56459 
3 89531 47969 
2 79532 49375 
1 79532 39844 
4 74375 37657 
9 98021 60417 
8 102760 66719 
5 87187 52500 
7 71511 40312 
0 128386 102812 
7 57083 29531 
5 243073 42344 
6 95312 62032 
2 98021 64948 
3 98073 63021 
9 12344 63750 
0 86719 21406 
4 77396 37604 
8 119062 64843 
1 63385 31666 
9 93437 52865 
5 9479 21875 
8 106198 66407 
7 80052 53750 
3 87187 56927 
6 10469 70156 
1 65885 30052 
0 87084 55938 
2 83073 38177 
4 73073 38437 
5 72657 48542 
0 72969 47344 
7 66250 30990 
2 79687 51927 
8 95729 65938 
1 55521 32969 
3 90521 55468 
4 327813 30052 
9 90052 63958 
6 95156 63333 
4 87500 45885 
8 104427 72031 
0 424271 19843 
2 89687 55104 
7 82500 39375 
6 93594 24583 
3 94792 61041 
9 94011 63594 
5 83437 20885 
1 62761 29947 
1 47448 21250 
5 93177 48125 
3 207916 216459 
8 112813 72500 
7 75416 40364 
4 77552 33855 
2 95729 54844 
0 95625 420885 
9 101094 55364 
6 101875 62865 
5 290573 24167 
1 0 0 
7 112448 21459 
0 86718 62916 
9 10000 20729 
2 0 64896 
4 72344 37187 
3 89948 47813 
6 183958 143698 
8 97656 71719 
8 172552 131510 
3 90105 54896 
2 84531 45989 
1 65729 38645 
7 67708 37031 
5 86719 56771 
6 96354 62135 
0 91510 58802 
4 76511 36562 
9 98698 63125 
0 97239 48230 
8 110521 70886 
2 89896 50573 
3 103958 64063 
9 91823 64219 
5 159219 52813 
7 71562 38073 
4 69271 38750 
1 74479 41719 
6 95364 55781 
8 74948 54739 
0 94896 58646 
7 78021 39687 
2 101458 60938 
5 87760 56719 
4 78021 43177 
1 57813 31250 
3 95365 56354 
6 100729 62917 
9 97396 56250 
7 57916 30573 
9 97969 61979 
8 107448 66407 
2 103125 57969 
1 65156 30573 
3 88959 64166 
0 83281 59948 
4 98125 29948 
5 82343 54844 
6 97448 63541 
9 72604 43333 
1 62916 31563 
7 71042 38437 
8 99688 61146 
3 89167 55729 
5 75885 47135 
2 121250 158073 
4 69479 30364 
0 87656 48803 
6 97136 63542 
7 70521 38854 
2 93906 46094 
3 89531 56302 
0 98697 64063 
8 101458 68178 
6 95208 60104 
5 13229 56042 
1 63177 32865 
9 100052 56823 
4 81250 46979 
7 64323 29167 
9 97135 63907 
1 470469 23021 
4 83334 46563 
3 96302 54844 
2 91094 48490 
6 174791 0 
0 116979 47969 
8 104375 70417 
5 88802 47031 
0 92864 56563 
1 62031 30416 
2 80730 48020 
8 124010 81511 
5 87083 57031 
4 18542 211615 
6 94583 63281 
7 74114 40000 
9 94323 62552 
3 83437 48594 
8 352291 59531 
1 58646 24271 
5 436927 93490 
0 79843 55157 
9 88281 56250 
4 64010 40052 
7 84323 37812 
6 100937 64323 
3 100208 58906 
2 94063 51250 
3 86354 49063 
1 70833 27604 
8 57552 68021 
6 109427 73698 
4 77760 41771 
9 87708 53334 
0 88542 54791 
2 88438 47031 
5 91771 48750 
7 71875 38854 
3 87031 53646 
2 95365 106510 
9 100677 24531 
4 85520 50000 
1 57656 37396 
6 0 82083 
7 67969 39948 
8 108854 72656 
5 88646 56511 
0 83021 62552 
l 52709 18334 
h 71458 37865 
v 66614 40365 
q 77760 46406 
i 61041 23750 
c 61354 36302 
z 68281 45156 
b 71302 38593 
k 57136 37812 
x 56458 30625 
f 83959 33229 
j 62083 22760 
t 66875 31250 
g 88385 53177 
y 166094 121770 
v 67604 33854 
l 51198 20938 
k 58854 19948 
h 66041 37187 
g 106406 55157 
j 10677 37396 
f 75469 40989 
q 90312 55000 
b 73959 43958 
x 71614 39167 
y 86927 49844 
z 65990 30416 
t 67968 38177 
i 64375 29687 
c 72761 35625 
h 65364 38178 
v 64583 44896 
z 68958 23750 
g 89948 55209 
i 56771 29323 
f 77135 53489 
b 89687 49895 
l 55312 22292 
x 101406 61614 
j 67136 39010 
t 73021 38802 
c 72917 38438 
k 72761 46198 
y 149010 22396 
q 90729 46719 
l 11927 22031 
k 93854 39219 
g 101979 50208 
q 78333 42396 
i 64948 29896 
v 79375 49375 
f 72292 29792 
x 78750 47604 
b 74271 46719 
z 64531 29896 
h 17500 43437 
y 88177 44635 
c 76407 20730 
t 65938 39948 
j 72395 46563 
c 65730 39739 
t 75573 33490 
l 53750 23281 
q 87083 48177 
i 466250 28229 
y 80417 52656 
v 60417 32552 
h 73645 39635 
g 90833 57292 
b 88281 44375 
z 59532 27239 
k 74010 49896 
j 63333 36615 
x 67500 39687 
f 74114 40625 
k 68125 31250 
f 74844 39427 
q 86302 41771 
x 74687 37864 
j 80365 48698 
z 68959 30885 
v 73281 30520 
b 90208 50105 
l 57864 31250 
h 186927 27500 
g 95573 54323 
c 80416 39740 
y 125677 48750 
t 68073 39531 
i 68802 24531 
y 98855 55521 
f 67083 40417 
t 73438 39375 
c 77917 47604 
v 74844 22656 
l 59531 26511 
k 72604 34844 
x 76979 39740 
b 0 47031 
g 105573 49063 
q 81875 38802 
i 63073 29271 
z 56198 30521 
h 83281 47500 
j 77812 37812 
x 64896 34791 
c 74219 37760 
h 80469 41458 
i 66563 30521 
q 81510 46615 
g 111823 66822 
k 78750 39270 
y 92500 46458 
b 80313 46771 
v 59636 31510 
f 69635 38802 
t 111719 77708 
j 83802 48282 
l 60781 22187 
z 64635 31510 
q 94948 62396 
j 72708 38750 
h 78854 47344 
x 11510 12760 
f 76667 43229 
v 63490 37917 
b 80365 52604 
t 77187 45469 
g 96823 64687 
k 69270 31302 
z 64584 29740 
y 78698 50781 
c 92709 56667 
i 95208 31302 
l 394011 22656 
l 54011 22239 
z 59740 29895 
i 70052 29427 
j 121198 80989 
y 104531 43646 
c 79635 36718 
q 96927 49531 
h 78958 39323 
b 89896 53438 
k 67032 38334 
t 65937 37083 
f 68386 38178 
g 91979 64115 
x 9948 39011 
v 64114 0 
y 115417 48229 
z 62812 28645 
l 62917 23698 
c 67760 43854 
t 77500 38021 
x 84375 49896 
q 88802 49531 
f 69531 40156 
h 75833 38386 
i 70885 32760 
v 70365 39218 
j 78907 39167 
g 94688 63854 
k 77031 38334 
b 70261 59115 
q 84010 40365 
h 57656 30781 
v 65729 39114 
k 77188 252396 
f 69323 43437 
j 82448 32969 
y 86093 43333 
g 57865 20573 
t 66354 31667 
c 73958 39219 
b 66875 34479 
i 64063 23177 
x 55729 30625 
z 59479 38541 
l 89479 25990 
k 65000 37135 
b 82396 48698 
y 91979 51563 
x 96302 51042 
f 63125 38229 
t 105990 69114 
q 89636 407969 
i 63907 23750 
v 71615 40000 
z 59479 28072 
j 76719 38334 
g 97343 62552 
l 56042 23437 
c 80313 50156 
h 68333 38125 
z 52865 23125 
q 79011 47656 
t 67813 31458 
x 69844 38854 
b 15573 49636 
i 77760 41250 
c 0 50469 
l 49948 25833 
j 69531 31667 
f 64531 31250 
h 75000 47500 
g 29114 58177 
k 70105 31041 
y 16250 40677 
v 69843 30417 
k 73854 22396 
c 80573 38125 
f 74531 40260 
i 58854 21823 
v 69114 29740 
l 71719 40833 
y 103698 45573 
b 79583 56511 
q 78541 56770 
h 80104 46302 
x 76771 47500 
g 103802 56771 
z 56407 30625 
j 97136 66250 
t 273125 25937 
j 64219 31458 
c 75833 38906 
b 85365 53073 
x 79843 39844 
i 156927 20000 
q 87083 54375 
f 103230 39428 
k 64323 40260 
v 61354 39010 
z 93750 31823 
g 104011 60000 
l 63334 22709 
t 75573 31563 
h 72552 37448 
y 85313 46458 
l 106979 72865 
q 24375 46875 
b 86458 55468 
x 81250 37240 
i 73125 28959 
j 80729 46042 
v 23125 214844 
z 70572 29062 
c 72969 21614 
y 89375 49844 
h 73593 47448 
t 0 31041 
f 70417 37760 
g 97083 54167 
k 83229 40312 
c 73021 38698 
k 77292 39115 
b 99062 47240 
h 72292 37135 
l 32709 31458 
q 89063 49792 
f 74531 44166 
x 85625 36615 
y 83854 40729 
j 69896 39844 
t 78073 30833 
i 72813 23021 
v 69271 37604 
z 57500 30468 
g 92917 64427 
x 75312 21771 
h 0 0 
l 52031 32656 
f 69479 29948 
k 125625 0 
z 27604 78489 
t 76511 32239 
q 83542 46406 
c 85260 49010 
v 67864 41927 
y 89948 43594 
b 76510 47396 
i 71406 30365 
j 69271 40209 
g 128854 57969 
h 72656 39636 
g 95208 54271 
i 66823 33073 
k 75052 40104 
v 75052 46406 
y 139219 23698 
q 84115 50416 
j 73177 39218 
c 82292 40938 
z 61250 33802 
x 105834 71407 
t 0 37969 
b 88230 43750 
f 100365 74375 
l 54844 23594 
x 66302 33385 
z 62708 31094 
b 84583 46719 
f 72605 30365 
l 59688 23385 
h 82708 21094 
k 76823 40000 
v 254011 29010 
g 91146 62552 
t 80469 30365 
j 11042 61719 
c 78646 38907 
q 107708 82604 
y 87760 49115 
i 61250 32187 
y 25209 80573 
q 82083 45156 
h 194271 26094 
z 65157 30209 
x 80156 47552 
k 77813 40521 
l 54948 29271 
t 74219 40052 
f 79427 37031 
v 67240 39480 
i 65416 29635 
g 135105 74739 
b 85677 54115 
c 72760 43073 
j 69948 40156 
c 77448 49583 
j 45157 28594 
g 86562 51510 
i 62813 31094 
y 76406 22605 
t 67344 32240 
x 78906 38750 
q 77292 48541 
l 57552 22865 
h 71615 39063 
b 115781 82396 
k 11355 39948 
f 312708 29166 
v 60990 31979 
z 54062 26719 
l 55417 23177 
x 73229 39531 
v 69584 36927 
g 175782 54688 
j 69740 41094 
c 86979 57395 
z 57969 30417 
i 70156 25833 
t 69635 31406 
y 82657 48177 
h 12083 38698 
k 67396 38698 
f 63541 37292 
q 81823 36979 
b 80000 46667 
t 63229 32708 
q 93958 60834 
j 73698 36511 
x 72864 26354 
c 85781 49583 
y 87344 39479 
v 70729 32552 
b 8750 59219 
k 68906 40052 
f 70209 39219 
g 97031 65000 
l 21927 21511 
i 64792 32292 
h 86667 56042 
z 70885 31406 
k 69166 37760 
f 73438 38854 
x 76719 38802 
j 72969 39115 
c 75677 41094 
l 54167 29271 
h 77187 46355 
b 89062 57083 
t 77865 30730 
y 87396 44532 
q 91250 46875 
g 89062 62291 
i 61302 31459 
z 64166 31667 
v 69062 42552 
j 65521 31094 
t 74010 38177 
c 79375 47917 
f 68125 38541 
b 85365 59636 
x 89739 41146 
y 82708 46302 
k 76666 38802 
l 55104 20886 
v 70052 40521 
z 62500 30625 
i 71250 31302 
q 82812 50365 
h 71146 37812 
g 102656 63906 
b 96510 46562 
x 73594 31718 
f 66614 36459 
q 85886 45365 
z 80833 40208 
k 70156 39271 
c 79844 47709 
l 55261 22812 
h 77968 38542 
g 131355 95729 
y 86771 44636 
j 72917 38021 
t 71406 31510 
i 63593 31042 
v 66667 37500 
q 64010 38385 
g 100573 53854 
j 70989 30104 
h 83021 59010 
b 80260 47865 
i 67240 30469 
k 83021 39375 
v 63229 30312 
t 73385 38125 
x 73385 38542 
y 83386 45261 
c 78594 44740 
z 67188 30834 
f 65260 37292 
l 245781 26250 
x 60937 29740 
y 77865 46042 
g 100989 53698 
z 60833 30261 
t 87031 21354 
c 102188 254740 
b 83281 20468 
f 68959 38281 
i 66094 36823 
k 74322 42188 
q 78542 46458 
v 69635 28698 
l 50572 28750 
j 79010 38802 
h 109584 70885 
z 64323 31823 
b 74636 56719 
t 73854 30834 
k 71042 39375 
g 99427 64531 
v 71146 37656 
y 82864 48594 
i 65260 30937 
x 67813 39583 
h 70781 38959 
q 93802 48750 
l 50209 22447 
j 76719 39583 
f 404584 31459 
c 80729 45417 
b 88593 64479 
k 75729 22344 
c 90521 50104 
x 78177 45469 
g 110312 66927 
y 87188 41302 
v 72969 43594 
q 84896 43750 
h 82917 40469 
f 64739 38750 
j 67292 37760 
z 57969 31458 
i 65521 31511 
l 63073 25052 
t 71198 35729 
y 11927 40781 
h 71094 37917 
x 84479 44635 
k 71771 38334 
c 86718 52552 
t 75834 37968 
q 86459 47657 
g 382500 63750 
j 73489 39219 
b 90365 53750 
l 47292 29427 
z 65313 29427 
i 56042 30208 
v 63854 36041 
f 64791 41979 
g 134427 74948 
x 10208 29270 
y 75313 46250 
h 68907 39062 
k 55885 39531 
q 61458 37657 
b 78229 47917 
i 418229 34791 
l 23333 20729 
c 69688 38645 
v 66198 38593 
t 92969 62969 
z 55937 23230 
f 53177 26094 
j 17708 36406 
v 71458 33229 
q 21719 46302 
t 68958 28177 
i 59114 31406 
c 11250 31979 
k 86666 49739 
x 116198 32917 
j 73698 39583 
f 102240 65052 
l 57917 23281 
g 94479 59428 
h 72448 39740 
y 85729 45781 
z 62344 32969 
b 369636 47500 
t 61771 29427 
q 81146 44479 
k 28854 98646 
h 81198 42396 
g 104896 66823 
j 73229 35417 
v 68593 37656 
c 84792 48385 
l 59740 24219 
b 80104 41771 
i 65468 30885 
z 64948 39114 
x 72031 39583 
y 92291 62291 
f 0 37656 
z 66563 23386 
l 62239 23386 
v 67552 39271 
k 72084 36927 
i 68386 29792 
f 67135 40468 
h 71146 50260 
j 73281 39271 
c 77396 39844 
b 89427 49166 
y 88802 46302 
q 88594 54427 
x 73594 40209 
t 73177 38646 
g 100729 54427 
b 78906 40625 
z 63073 31719 
q 143073 91197 
h 78802 47604 
i 64843 30782 
t 67760 32292 
k 76510 44323 
j 71823 41354 
g 94584 56719 
l 53386 31718 
y 79219 48229 
v 70365 40521 
x 72761 42395 
f 70573 30730 
c 79531 40990 
g 123906 88802 
i 64323 29583 
c 71823 20885 
j 78333 47917 
z 65625 30208 
b 98437 59166 
k 72656 39063 
f 80625 40885 
l 78854 27500 
y 76614 45990 
q 81875 46979 
v 69635 36250 
x 73646 36562 
t 90156 49427 
h 72812 38802 
x 93750 39844 
i 66406 31302 
j 0 33229 
f 68593 38646 
q 9635 47657 
y 88906 57084 
c 85625 48854 
h 79844 39323 
g 119480 318438 
t 71771 31667 
k 0 32917 
l 87344 59270 
v 72865 31354 
z 61823 28907 
b 96875 65573 
k 124531 24271 
z 66927 32916 
v 70156 46823 
t 70573 39843 
j 81042 54271 
c 82917 45833 
x 76198 46302 
b 83542 47604 
h 71303 38125 
f 64010 39010 
y 90729 44271 
q 90833 46667 
l 57292 23906 
i 72813 0 
g 91250 62969 
x 62187 35781 
c 78125 38125 
h 73073 39531 
g 93802 55730 
b 93125 58750 
j 71823 39271 
f 0 37500 
i 60260 30260 
k 69687 38958 
z 186198 30468 
v 75885 39636 
y 94375 48333 
q 84218 57135 
t 77396 0 
l 83073 91510 
j 74479 39375 
k 72864 39635 
z 63958 30469 
c 83697 38750 
l 22291 68281 
b 133698 67396 
i 67552 30625 
x 74167 40156 
v 69010 36980 
q 91146 23177 
y 131614 82344 
t 66198 37917 
g 91980 67031 
f 59687 35937 
h 322656 213386 
c 95261 47448 
z 60729 26979 
t 78385 32708 
x 68854 36302 
v 71459 32291 
y 97395 73698 
h 75677 38907 
j 80885 48802 
l 48594 35677 
q 80000 43802 
g 89115 55521 
b 90000 56094 
k 79844 48386 
f 77656 41198 
i 61041 31875 
c 51719 44166 
g 87032 20417 
b 73333 39531 
j 65312 30885 
x 78959 46562 
t 64792 38489 
f 59531 33958 
z 54792 22239 
h 86615 44687 
q 132344 94792 
l 49739 23281 
v 73698 46771 
i 48177 26302 
y 105885 63803 
k 73125 40208 
l 65365 30833 
f 61302 37708 
i 92292 23386 
z 62604 30677 
h 70833 41145 
c 76406 39218 
b 23490 56511 
g 98489 56979 
q 83490 44792 
y 94323 23854 
k 73542 39427 
v 69844 38958 
j 69427 38958 
x 125208 70312 
t 70625 31146 
x 61042 33750 
z 58750 30886 
v 73906 38229 
b 335157 280312 
y 96562 56562 
j 17135 38959 
i 63125 29323 
k 65573 37343 
f 73125 37343 
c 78021 40938 
h 74010 39323 
g 87813 58958 
t 110469 33698 
q 132448 63177 
l 96719 25834 
l 56458 25834 
c 78490 40625 
i 60261 30937 
j 73229 39687 
x 78229 41093 
g 93594 65156 
v 77865 39896 
q 80157 45990 
z 58489 32083 
f 72500 39740 
y 80729 47032 
k 339948 35833 
t 74011 31302 
h 76093 40468 
b 10625 47291 
b 78125 40625 
y 80573 36927 
z 93698 31823 
h 68385 36979 
g 108437 67083 
f 76510 38333 
l 61042 31146 
v 70469 45104 
q 86615 47344 
j 68542 45521 
c 72969 46979 
k 73281 38593 
i 63437 0 
x 87760 39427 
t 73385 30834 
k 62864 39740 
c 72135 46354 
l 58281 22448 
t 71719 31979 
h 100521 78281 
j 85521 45781 
b 81823 46979 
g 102604 56250 
y 95833 47291 
z 75573 45209 
f 72812 40000 
v 10000 35834 
x 74114 34740 
i 72657 32969 
q 76198 47500 
v 80521 54584 
i 62240 23386 
l 55469 23177 
q 119010 128698 
t 72344 30781 
k 88125 48281 
j 68750 39896 
g 94896 54635 
f 70417 33750 
y 104427 42448 
b 87969 48438 
z 62760 31927 
c 79011 43698 
x 87552 47709 
h 77500 36354 
g 79219 46875 
i 62969 52083 
b 68229 46562 
x 64271 38646 
f 75729 49584 
t 79062 30833 
k 75834 40729 
j 75417 41563 
c 76198 42239 
h 79480 23177 
v 70052 40156 
l 52240 25052 
z 64687 32084 
q 19947 44583 
y 95885 47812 
j 81979 30833 
k 72343 34687 
t 68177 30208 
g 98438 56250 
c 73021 48334 
x 78646 46302 
v 68073 38542 
f 68229 38385 
i 69531 28594 
z 67240 30364 
q 0 46771 
b 109322 65052 
y 86302 47813 
l 58177 23541 
h 0 48073 
k 454948 383542 
q 91042 46458 
v 74739 38541 
t 72812 31875 
c 90416 57240 
i 65469 32916 
j 68854 36615 
g 95261 55520 
h 76511 35833 
z 69740 30573 
b 82760 54636 
f 68906 33125 
y 85260 44843 
x 70833 236667 
l 55781 22604 
b 76511 46094 
l 57292 28958 
y 86198 38438 
j 75729 37396 
z 74687 38959 
h 74635 37917 
q 81250 21354 
i 61094 30521 
g 93907 60834 
x 66563 38490 
k 73073 41250 
f 71980 38907 
t 70729 38959 
c 76928 39479 
v 70625 38438 
b 73646 38854 
i 70312 24375 
j 82500 37239 
v 113594 85677 
z 64323 31823 
k 116927 76354 
g 116251 80052 
c 72812 39688 
h 69219 30729 
f 59218 30104 
l 46719 21406 
x 64167 30885 
q 69062 39584 
t 74739 30938 
y 81771 48072 
q 100625 36614 
z 66406 35625 
j 72604 32396 
h 12865 49896 
y 98437 55677 
v 254687 40469 
f 16927 37865 
k 67761 38541 
b 88282 45625 
t 63594 36719 
g 95000 54427 
i 65625 31770 
x 82083 37604 
l 56823 23125 
c 88073 22083 
g 98646 55625 
x 70365 46094 
y 82344 43750 
z 67136 24010 
h 87500 54167 
t 72188 38125 
i 62240 27031 
l 51197 21198 
k 78073 41250 
q 87656 47708 
c 77657 46927 
j 76771 37240 
v 73438 39948 
f 77084 38646 
b 86407 53333 
l 67552 39427 
i 70573 31406 
b 209583 185469 
x 81250 37760 
q 91823 49167 
c 73646 48073 
h 81927 48489 
t 22865 28750 
y 80833 38802 
j 107761 68125 
g 176458 56666 
z 67604 32083 
f 66302 31302 
k 71667 44792 
v 69635 32032 
f 72812 23333 
j 67344 30989 
k 65521 39687 
g 82084 56823 
h 77865 48073 
b 84479 54427 
v 0 0 
t 21302 29740 
x 68854 37605 
i 68542 29896 
l 52344 21615 
y 82969 45625 
q 76302 22239 
z 77083 38750 
c 79115 47344 
k 9948 276511 
t 74271 38490 
h 81510 44011 
x 70521 47761 
q 92657 49688 
v 66042 31354 
z 52760 27968 
i 65261 30365 
l 48802 23437 
j 79166 0 
b 109531 47969 
y 81302 54688 
c 70781 43229 
f 69479 31979 
g 99688 67032 
b 97239 55520 
z 66458 35834 
h 10209 35885 
x 77605 38125 
f 82135 48594 
g 92656 55937 
c 77656 41823 
i 66042 23281 
y 81614 45520 
j 66927 38698 
v 74740 38542 
t 65104 30313 
q 410573 52969 
k 79323 41458 
l 62344 23698 
x 86302 30782 
b 81875 42083 
c 74688 48907 
f 68854 38229 
t 81875 46928 
q 0 67291 
i 74479 37500 
v 64844 37656 
y 82917 40625 
l 54323 29896 
z 78906 31927 
h 71823 38802 
j 80677 40573 
g 102291 57135 
k 78385 40989 
c 100677 55520 
f 80417 45209 
l 61771 31667 
g 92969 63072 
y 88750 52083 
z 68958 40729 
x 76719 41458 
t 0 31823 
i 22969 25573 
q 85364 48073 
v 76823 40677 
h 75105 40261 
j 67344 37604 
k 112552 77292 
b 83698 46719 
h 68646 40000 
q 86666 47239 
k 72708 39114 
g 104062 96875 
y 83177 46823 
l 51770 22865 
z 151510 23230 
b 83958 45834 
v 65365 36250 
t 67188 30938 
c 76667 39115 
i 61511 31094 
j 95000 41823 
f 70834 37292 
x 63073 39063 
h 63802 35729 
f 81198 40469 
y 96563 56510 
j 75261 40000 
t 71875 38021 
k 70886 39427 
q 78646 22656 
b 82813 54636 
v 66615 21719 
i 103542 64271 
c 78698 38645 
g 92032 56770 
z 66042 29375 
x 22084 39167 
l 57813 22916 
k 54844 30156 
i 59948 35782 
j 76875 38646 
q 104219 86875 
f 70261 38594 
h 90417 57500 
v 63438 20729 
b 67188 39010 
l 55313 22136 
z 67188 30000 
g 91875 56719 
c 78178 50052 
x 72292 31563 
y 87344 45000 
t 68802 34219 
h 65677 32187 
l 51928 24323 
t 111875 77656 
y 75416 48646 
i 73750 35938 
g 102812 65781 
k 494583 79895 
v 69531 38385 
b 99166 50260 
j 69688 42448 
f 64218 30156 
x 68177 42083 
c 77708 49063 
q 88698 61979 
z 68958 31927 
k 69792 37605 
j 71614 38489 
x 70104 33594 
z 69688 38437 
c 316563 45573 
i 74010 39427 
f 69062 36615 
t 69584 33490 
h 107240 18698 
y 90417 41302 
q 87448 48333 
g 89687 51771 
b 9687 42865 
v 62448 37084 
l 54531 30938 
l 56666 31615 
j 76979 39687 
g 98959 55469 
v 70833 32240 
b 85625 47187 
i 82031 38750 
k 78906 414583 
t 69114 32187 
h 73385 46823 
f 75677 35886 
x 75260 41094 
y 80208 46198 
z 87240 49271 
c 77240 38854 
q 82239 56093 
b 108906 81615 
k 66615 25365 
g 94219 57604 
i 64532 30937 
x 168125 74948 
j 69532 30886 
z 78959 22552 
t 67240 32291 
v 66093 40833 
c 106510 40990 
l 57291 22240 
y 141719 51354 
f 70521 44322 
q 84636 46719 
h 108489 38386 
h 66562 31042 
v 72291 34375 
l 62136 31406 
f 66250 41459 
g 105833 62448 
k 76614 40261 
t 69219 36198 
y 95625 50365 
j 59896 20938 
i 67656 40937 
z 9792 484479 
c 77448 43229 
q 77604 55208 
x 65104 39166 
b 94844 49583 
y 67760 28281 
c 75104 45990 
g 93021 54791 
k 69947 40156 
f 63698 37604 
j 76927 37968 
v 71094 38229 
t 68959 30417 
x 360053 49895 
q 0 53646 
i 456875 30625 
h 74323 46302 
b 77344 46406 
l 173386 114010 
z 74479 34115 
g 110156 64896 
l 50052 24688 
f 69010 31042 
i 58750 22761 
j 65677 44584 
t 93959 49687 
z 68959 31510 
q 79479 48333 
x 74531 38854 
v 69063 35781 
c 75313 37448 
h 0 46354 
y 85052 40625 
k 68489 39063 
b 87292 48385 
v 86354 52136 
x 0 9635 
f 70261 35989 
i 63698 29843 
l 51823 22604 
k 80521 48438 
y 91822 48855 
t 64740 30938 
h 75677 40677 
c 80260 35261 
q 79114 50521 
j 67552 37865 
z 64740 28385 
b 89583 46719 
g 129011 233854 
f 100886 33698 
g 94375 55365 
b 86198 49062 
x 77240 45208 
q 80729 52292 
y 307291 241407 
c 82656 49427 
h 69792 40416 
j 67605 37865 
l 64688 26719 
v 70573 41146 
k 81198 52292 
i 61510 28020 
z 60416 31667 
t 80573 39895 
l 48958 21823 
x 92083 35781 
c 86250 48541 
f 69844 35364 
k 8958 460886 
t 78073 40312 
h 464010 42812 
z 64740 29635 
j 77656 37865 
b 82865 47188 
y 78177 45625 
g 72344 62761 
v 75989 38281 
q 87291 90260 
i 62083 30000 
j 109219 24167 
f 60729 33125 
z 69270 32292 
y 75000 39896 
l 50521 22969 
t 81094 47552 
g 94844 48334 
v 82292 40260 
c 86250 44739 
i 67084 29844 
k 79323 32760 
b 84740 53646 
h 81250 39115 
q 94688 54479 
x 0 36979 
b 74948 48802 
v 23021 38802 
t 85938 32187 
l 49167 21667 
i 23281 30313 
k 79844 49532 
g 89428 55313 
c 75625 44167 
x 71198 41303 
j 85677 50000 
f 69218 35937 
h 75468 38802 
y 78907 46667 
q 80729 52969 
z 64896 32344 
k 70104 37968 
g 99531 53177 
t 10520 9635 
f 66666 32709 
i 12083 315989 
q 86979 51458 
v 77344 40417 
l 51354 23333 
c 81875 22969 
j 75416 38281 
h 80313 41510 
x 71511 39688 
z 69375 30989 
b 82552 46562 
y 25573 60104 
q 81615 41510 
z 64167 27917 
j 76459 35729 
l 54166 22031 
k 0 54063 
t 74792 31354 
b 84740 48177 
h 69010 34688 
y 99219 47136 
g 82708 59427 
c 69947 39584 
f 78646 44062 
v 55261 40052 
i 67552 31667 
x 73489 42188 
i 79896 44739 
c 80000 48750 
b 88698 50677 
g 92083 58698 
q 93177 56667 
t 86198 41823 
y 0 0 
v 66615 30937 
x 72083 38541 
l 57969 30833 
j 67552 39167 
f 66979 34531 
k 74636 32500 
h 69584 39167 
z 80053 42760 
h 70312 0 
c 82188 39011 
z 62552 31927 
q 84635 47864 
t 78073 41563 
i 59219 30677 
f 30312 39062 
x 95209 33698 
g 98645 55573 
j 0 0 
y 82031 50104 
b 73750 54219 
l 56719 21667 
v 76302 45677 
k 67031 99011 
k 62656 37865 
v 71041 30417 
g 101093 54792 
q 86042 54792 
x 89688 40157 
l 60677 22709 
h 76823 39687 
f 63333 31250 
b 234115 49479 
y 84167 52917 
t 76719 43281 
c 70938 46927 
i 62187 30313 
j 66354 10625 
z 70885 31719 
c 78385 37812 
j 0 55885 
t 74062 38073 
b 91615 48177 
h 91563 42292 
x 79636 44427 
i 74687 30104 
k 69843 37188 
g 90833 54948 
q 91198 57084 
z 56406 30365 
y 90833 53437 
v 73646 39323 
l 59635 20520 
f 72657 34792 
i 64271 30000 
f 95208 34584 
t 73438 38750 
k 67864 36198 
g 9792 55573 
h 79792 52760 
v 72500 39427 
j 75312 38854 
x 204531 78490 
c 11563 39011 
l 57864 21459 
y 86615 47188 
q 80208 44115 
z 61250 30937 
b 86823 51458 
h 91406 69011 
x 23854 41718 
j 10312 215156 
z 55885 29271 
v 73229 49687 
k 75677 39844 
t 67239 35312 
i 62656 33594 
l 55104 22604 
q 79270 46771 
b 123646 89219 
f 76771 35625 
c 77708 50990 
y 78802 41719 
g 102865 70052 
j 27813 59063 
b 70260 37969 
x 69948 37500 
y 69271 39635 
g 140312 91094 
q 85052 48021 
h 76875 38177 
f 74010 38229 
l 55364 21719 
i 60938 31459 
v 71563 34635 
k 74844 39166 
c 78438 40000 
z 70156 36354 
t 72135 38542 
g 96562 51406 
h 76980 41302 
q 83021 45885 
i 64323 29584 
k 103177 61146 
l 57083 22708 
z 59062 30521 
c 73281 47500 
v 62812 37448 
y 90730 47136 
j 77812 40365 
x 68541 39635 
t 66667 31875 
b 101875 19740 
f 78021 42032 
k 71146 39063 
t 74791 22292 
g 94896 51927 
y 239636 85000 
j 73125 39219 
z 64323 29687 
q 126146 89896 
i 57604 31303 
b 85625 53958 
f 73802 40000 
l 60312 29531 
x 71407 38177 
c 81510 49219 
v 79063 32084 
h 71094 38646 
y 74375 43177 
i 64740 33020 
c 78386 40729 
x 71927 32083 
j 69062 37396 
g 92031 70625 
z 63177 33802 
f 9687 35208 
q 81406 47396 
l 52656 22812 
k 71771 39947 
b 83542 54114 
h 68073 42291 
v 13646 41615 
t 88073 46927 
z 88229 40781 
y 84792 37656 
c 82500 53281 
j 64583 39010 
q 120573 90157 
k 80729 47239 
i 65104 29896 
v 64480 36198 
f 76822 38489 
h 72657 46406 
t 80417 28958 
l 59427 20730 
b 80313 44531 
x 73854 40208 
g 92344 61042 
h 26562 40572 
b 71875 51927 
c 10677 36771 
f 55052 22448 
l 65469 22865 
i 62709 30989 
g 91823 55416 
z 57708 30938 
x 73177 39532 
k 73541 30521 
v 69948 30677 
t 85312 32396 
q 85000 12240 
j 77239 40416 
y 82188 46146 
l 58594 24114 
t 86458 30053 
g 92031 57031 
y 84896 53282 
h 79011 48229 
q 83334 47292 
j 102813 46302 
b 80156 55781 
c 86875 38021 
k 79635 33073 
i 62136 30886 
x 67604 21250 
z 66927 33177 
f 78593 41927 
v 71719 31198 
c 108698 38750 
q 76406 45886 
x 74427 40625 
l 55520 21718 
g 108437 72135 
i 63021 30261 
b 81198 47917 
y 94115 51302 
v 65677 38021 
z 63907 30104 
f 70260 37344 
h 73490 39531 
j 71823 37031 
k 63855 39948 
t 78437 45052 
h 65833 31667 
y 129428 0 
i 67396 32396 
t 9115 31094 
l 176458 27500 
x 86146 51042 
b 82448 48802 
g 86510 53333 
c 78542 41198 
z 83906 30989 
q 85938 53907 
j 15677 44480 
k 77031 38385 
f 88594 41719 
v 9479 32604 
b 127344 61927 
l 57188 21980 
v 72084 39271 
k 68802 43542 
x 91459 47240 
z 57553 30573 
j 75781 40729 
i 66615 31302 
f 76719 39219 
g 93125 56563 
t 77657 40156 
y 82396 46458 
c 73125 47656 
q 82917 47343 
h 74427 38229 
i 56979 30052 
x 75209 40052 
v 9583 40000 
j 80781 38177 
l 41823 20104 
f 71250 31094 
c 0 56354 
z 58125 29531 
q 83855 56250 
g 96771 57031 
b 90156 57135 
y 82968 43437 
t 79896 33490 
h 72656 47188 
k 80782 47969 
b 76354 47187 
g 99948 55208 
f 74375 38125 
y 87656 56198 
z 56302 29740 
l 56458 21198 
j 64011 38073 
t 73229 36458 
x 73854 38906 
h 64323 43021 
i 71354 0 
v 66928 38281 
q 87083 40365 
c 75782 47344 
k 71354 38437 
c 74895 35000 
f 78958 42187 
z 59479 30937 
x 81719 37917 
g 103750 66041 
h 75781 48490 
k 64739 40000 
v 68645 37396 
t 129271 33855 
y 81771 45677 
i 61302 36407 
l 57760 22240 
q 81458 49063 
b 85260 49583 
j 82291 38855 
